time en(t) enf(t) enf(t)-en0 svN(t) localEn(t) localEn(t)-localEn0 SzSz(t) Sperp(t)
0 -45.8654 -6.35393 2.56154 0.0252084 -0.727696 -0.575648 -0.575823 -0.575821 -0.575823 -0.575648 -0.727696 0.454464 0.203621 0.239941 0.225669 0.239941 0.203621 0.454464 0.245483 -0.245483 -0.2448 0.2448 0.244876 -0.244879 -0.24658 0.244881 1 -0.246594 -0.246581 0.244881 0.244798 -0.2448 -0.245483 0.245482 1.97726e-05 -4.43749e-05 -0.000267672 7.11931e-05 0.00346518 -0.000853004 -0.0824908 0.00687113 1 -0.082802 -0.0824923 0.00687121 0.00346402 -0.000847843 -0.000160051 6.92353e-05 
0.1 -45.8551 -6.35402 2.56145 0.0252186 -0.727708 -0.575657 -0.575835 -0.575847 -0.575827 -0.57566 -0.727696 0.454452 0.203612 0.23993 0.225644 0.239938 0.20361 0.454464 0.24548 -0.24548 -0.244797 0.244797 0.244873 -0.244876 -0.246578 0.244877 1 -0.246594 -0.24658 0.24488 0.244796 -0.244797 -0.245483 0.24548 6.91689e-06 -3.71255e-06 -0.000149163 5.92549e-05 0.00346062 -0.000854144 -0.0824842 0.00687579 1 -0.0828559 -0.0825308 0.00687199 0.0034612 -0.000849134 -0.000156394 6.30963e-05 
0.2 -45.8438 -6.35433 2.56114 0.0252206 -0.727746 -0.575685 -0.575853 -0.575822 -0.57587 -0.575679 -0.72776 0.454414 0.203584 0.239912 0.225669 0.239894 0.203591 0.4544 0.24548 -0.24548 -0.244797 0.244797 0.244873 -0.244876 -0.24658 0.24488 1 -0.24659 -0.246577 0.244875 0.244793 -0.244801 -0.245477 0.245481 6.9285e-06 -3.71233e-06 -0.000149384 5.92081e-05 0.0034657 -0.000852738 -0.0825688 0.00687203 1 -0.0827558 -0.0824757 0.00687976 0.00346102 -0.000849641 -0.000156799 6.31263e-05 
0.3 -45.8312 -6.35472 2.56075 0.0252395 -0.727793 -0.575717 -0.575884 -0.57585 -0.575904 -0.575711 -0.727819 0.454367 0.203553 0.239881 0.225641 0.23986 0.203558 0.454341 0.245476 -0.245476 -0.244792 0.244792 0.244868 -0.244872 -0.246577 0.244876 1 -0.246587 -0.246573 0.24487 0.244787 -0.244797 -0.245472 0.245477 6.94214e-06 -3.72067e-06 -0.000149602 5.93002e-05 0.00346917 -0.000853637 -0.0826158 0.00687772 1 -0.082775 -0.0825028 0.0068866 0.00346365 -0.00084832 -0.000157157 6.31463e-05 
0.4 -45.8174 -6.35496 2.56051 0.0252654 -0.727828 -0.575734 -0.57591 -0.575915 -0.575909 -0.57574 -0.727838 0.454332 0.203535 0.239854 0.225575 0.239856 0.203529 0.454322 0.24547 -0.24547 -0.244786 0.244786 0.244862 -0.244866 -0.246571 0.244867 1 -0.246586 -0.246572 0.244868 0.244783 -0.244787 -0.24547 0.24547 6.95214e-06 -3.73596e-06 -0.000149713 5.95345e-05 0.003469 -0.00085692 -0.082591 0.00688959 1 -0.0829206 -0.0826049 0.00688849 0.00346858 -0.000848228 -0.000157132 6.32565e-05 
0.5 -45.8021 -6.35507 2.56041 0.0252813 -0.727846 -0.575744 -0.575932 -0.575962 -0.575906 -0.575756 -0.727829 0.454314 0.203525 0.239832 0.225528 0.239858 0.203514 0.454331 0.245466 -0.245466 -0.244782 0.244782 0.244858 -0.244861 -0.246566 0.244861 1 -0.246586 -0.246572 0.244868 0.244782 -0.244779 -0.245471 0.245466 6.9564e-06 -3.74441e-06 -0.000149738 5.96738e-05 0.0034681 -0.000859317 -0.0825553 0.00689846 1 -0.0830353 -0.0826828 0.00688828 0.00347195 -0.000852717 -0.000156981 6.35144e-05 
0.6 -45.7852 -6.35521 2.56026 0.0252866 -0.727866 -0.575761 -0.575945 -0.575961 -0.575928 -0.575759 -0.727836 0.454294 0.203508 0.239819 0.22553 0.239837 0.20351 0.454324 0.245466 -0.245466 -0.244781 0.244781 0.244857 -0.24486 -0.246566 0.24486 1 -0.246583 -0.246571 0.244865 0.244781 -0.244779 -0.24547 0.245465 6.96062e-06 -3.74075e-06 -0.000149835 5.95996e-05 0.00347072 -0.0008583 -0.0825939 0.00689867 1 -0.0830087 -0.082672 0.00689218 0.00347216 -0.000857408 -0.00015705 6.36903e-05 
0.7 -45.7666 -6.35559 2.55988 0.0252941 -0.727908 -0.575796 -0.575965 -0.57594 -0.57598 -0.575787 -0.727906 0.454252 0.203473 0.2398 0.22555 0.239785 0.203482 0.454254 0.245465 -0.245465 -0.244779 0.244779 0.244855 -0.244859 -0.246568 0.244862 1 -0.246579 -0.246566 0.244858 0.244777 -0.244782 -0.245464 0.245465 6.97403e-06 -3.73873e-06 -0.00015011 5.95305e-05 0.0034767 -0.000856495 -0.082692 0.00689564 1 -0.0829142 -0.0826236 0.00690179 0.00347252 -0.000855902 -0.000157432 6.35949e-05 
0.8 -45.746 -6.35614 2.55933 0.0253188 -0.727972 -0.57584 -0.576003 -0.57597 -0.576028 -0.575832 -0.728003 0.454188 0.203429 0.239762 0.22552 0.239737 0.203438 0.454157 0.24546 -0.24546 -0.244774 0.244773 0.24485 -0.244854 -0.246566 0.244858 1 -0.246575 -0.246561 0.244852 0.244768 -0.244779 -0.245455 0.245461 6.99591e-06 -3.75293e-06 -0.000150462 5.9713e-05 0.00348221 -0.000857831 -0.0827721 0.00690187 1 -0.0829139 -0.0826452 0.00691129 0.00347619 -0.000849939 -0.00015799 6.34342e-05 
0.9 -45.7233 -6.35662 2.55885 0.0253533 -0.728036 -0.575876 -0.57605 -0.576046 -0.576053 -0.575876 -0.728068 0.454124 0.203393 0.239715 0.225444 0.239712 0.203393 0.454092 0.245452 -0.245452 -0.244765 0.244765 0.244842 -0.244845 -0.246558 0.244848 1 -0.246572 -0.246558 0.244847 0.244761 -0.244767 -0.245449 0.245452 7.01524e-06 -3.77767e-06 -0.000150697 6.0071e-05 0.00348399 -0.000862262 -0.0827748 0.00691627 1 -0.0830564 -0.0827541 0.00691725 0.00348207 -0.000849475 -0.000158333 6.36147e-05 
1 -45.6982 -6.35694 2.55853 0.025381 -0.728086 -0.575902 -0.576091 -0.576122 -0.57607 -0.575914 -0.728079 0.454074 0.203368 0.239674 0.225368 0.239695 0.203355 0.454081 0.245445 -0.245445 -0.244758 0.244758 0.244835 -0.244838 -0.246551 0.244837 1 -0.24657 -0.246555 0.244844 0.244757 -0.244756 -0.245447 0.245444 7.02737e-06 -3.79272e-06 -0.000150831 6.02777e-05 0.00348465 -0.000865606 -0.0827542 0.00693036 1 -0.0832188 -0.0828672 0.00692125 0.00348808 -0.000859161 -0.000158308 6.41759e-05 
1.1 -45.6706 -6.35723 2.55824 0.0253994 -0.728129 -0.575932 -0.576121 -0.576146 -0.576099 -0.57594 -0.728091 0.454031 0.203337 0.239644 0.225345 0.239666 0.203329 0.454069 0.245441 -0.245441 -0.244754 0.244754 0.24483 -0.244834 -0.246548 0.244833 1 -0.246567 -0.246553 0.244839 0.244755 -0.244751 -0.245446 0.24544 7.03631e-06 -3.78987e-06 -0.000150999 6.01963e-05 0.00348819 -0.000864984 -0.0827928 0.00693556 1 -0.0832379 -0.0828931 0.00692655 0.0034909 -0.000868141 -0.000158262 6.45698e-05 
1.2 -45.64 -6.35773 2.55774 0.0254174 -0.728187 -0.575982 -0.576156 -0.576139 -0.57616 -0.575974 -0.728161 0.453973 0.203288 0.239609 0.225351 0.239605 0.203295 0.453999 0.245439 -0.245439 -0.24475 0.24475 0.244827 -0.24483 -0.246549 0.244833 1 -0.246561 -0.246548 0.244831 0.244749 -0.244751 -0.245441 0.245439 7.05306e-06 -3.78739e-06 -0.000151343 6.01223e-05 0.00349534 -0.000863134 -0.0829034 0.00693542 1 -0.0831616 -0.0828638 0.00693812 0.00349236 -0.000864792 -0.000158626 6.43918e-05 
1.3 -45.6063 -6.35848 2.55699 0.0254482 -0.728272 -0.576045 -0.576208 -0.576167 -0.576231 -0.576028 -0.728289 0.453888 0.203224 0.239557 0.225324 0.239534 0.203241 0.453871 0.245433 -0.245433 -0.244742 0.244742 0.24482 -0.244823 -0.246546 0.244828 1 -0.246554 -0.246542 0.244822 0.244737 -0.244747 -0.245429 0.245434 7.08375e-06 -3.80759e-06 -0.000151847 6.04084e-05 0.00350296 -0.000865251 -0.0830119 0.0069416 1 -0.0831603 -0.0828862 0.00695232 0.00349662 -0.000854855 -0.000159328 6.40546e-05 
1.4 -45.5692 -6.35929 2.55618 0.0254938 -0.728372 -0.576107 -0.576278 -0.576263 -0.576293 -0.576103 -0.728414 0.453788 0.203163 0.239487 0.225228 0.239472 0.203166 0.453746 0.245421 -0.245421 -0.24473 0.24473 0.244808 -0.244811 -0.246536 0.244815 1 -0.246549 -0.246534 0.244812 0.244724 -0.244734 -0.245417 0.245422 7.11814e-06 -3.84382e-06 -0.000152306 6.09199e-05 0.00350816 -0.000871102 -0.0830616 0.00696031 1 -0.0833201 -0.0830119 0.00696521 0.00350506 -0.000854607 -0.000160043 6.42903e-05 
1.5 -45.5282 -6.35998 2.55549 0.0255429 -0.72847 -0.576158 -0.576348 -0.576376 -0.576336 -0.576176 -0.728487 0.45369 0.203111 0.239417 0.225114 0.239429 0.203094 0.453673 0.24541 -0.24541 -0.244718 0.244719 0.244796 -0.2448 -0.246525 0.244799 1 -0.246545 -0.246528 0.244804 0.244716 -0.244718 -0.245409 0.245409 7.14285e-06 -3.86888e-06 -0.00015261 6.12272e-05 0.00351159 -0.000875717 -0.0830741 0.00698176 1 -0.0835176 -0.0831648 0.00697473 0.00351445 -0.00086903 -0.00016044 6.51704e-05 
1.6 -45.483 -6.36057 2.5549 0.0255834 -0.728559 -0.576214 -0.576409 -0.576444 -0.576384 -0.57623 -0.728534 0.453601 0.203055 0.239356 0.225047 0.23938 0.20304 0.453626 0.245401 -0.245401 -0.244709 0.24471 0.244787 -0.244791 -0.246519 0.24479 1 -0.246539 -0.246523 0.244797 0.24471 -0.244707 -0.245406 0.2454 7.16165e-06 -3.87189e-06 -0.000152929 6.11956e-05 0.00351721 -0.000875912 -0.0831301 0.0069953 1 -0.0835988 -0.0832466 0.00698431 0.0035208 -0.000882438 -0.000160476 6.58709e-05 
1.7 -45.4331 -6.36133 2.55414 0.02562 -0.728655 -0.576289 -0.576469 -0.576461 -0.576463 -0.576287 -0.728618 0.453505 0.20298 0.239296 0.22503 0.239302 0.202982 0.453542 0.245396 -0.245396 -0.244702 0.244702 0.24478 -0.244783 -0.246517 0.244785 1 -0.24653 -0.246517 0.244786 0.244702 -0.244701 -0.2454 0.245395 7.18858e-06 -3.87377e-06 -0.000153437 6.1181e-05 0.00352656 -0.000874636 -0.0832573 0.0070002 1 -0.0835602 -0.0832529 0.00699936 0.00352482 -0.000878534 -0.000160712 6.57186e-05 
1.8 -45.3782 -6.36239 2.55308 0.0256669 -0.728777 -0.576385 -0.57655 -0.576508 -0.57657 -0.576365 -0.728768 0.453383 0.202885 0.239214 0.224982 0.239194 0.202904 0.453392 0.245386 -0.245386 -0.24469 0.24469 0.244768 -0.244772 -0.246512 0.244777 1 -0.24652 -0.246508 0.24477 0.244687 -0.244694 -0.245385 0.245387 7.23292e-06 -3.90152e-06 -0.000154166 6.15806e-05 0.00353779 -0.00087765 -0.0834138 0.00701058 1 -0.0835754 -0.0832964 0.00702112 0.0035314 -0.000865435 -0.000161598 6.52489e-05 
1.9 -45.3177 -6.36364 2.55183 0.0257323 -0.728927 -0.576484 -0.576654 -0.576627 -0.576675 -0.576472 -0.728958 0.453233 0.202785 0.239111 0.224863 0.239089 0.202797 0.453202 0.245371 -0.245371 -0.244673 0.244673 0.244752 -0.244755 -0.246499 0.244759 1 -0.24651 -0.246497 0.244755 0.244667 -0.244677 -0.245366 0.245372 7.2868e-06 -3.95173e-06 -0.000154934 6.22836e-05 0.00354758 -0.000885557 -0.083525 0.00703438 1 -0.0837505 -0.0834455 0.00704279 0.00354316 -0.000865791 -0.0001628 6.55563e-05 
2 -45.251 -6.36488 2.5506 0.025809 -0.72909 -0.576578 -0.576769 -0.576792 -0.576764 -0.576587 -0.729127 0.45307 0.202691 0.238996 0.224699 0.239001 0.202682 0.453033 0.245353 -0.245353 -0.244654 0.244654 0.244733 -0.244737 -0.246483 0.244737 1 -0.246502 -0.246486 0.24474 0.244649 -0.244655 -0.245349 0.245352 7.33391e-06 -3.99268e-06 -0.000155564 6.2769e-05 0.00355587 -0.000892123 -0.0835957 0.00706645 1 -0.0840066 -0.0836547 0.00706114 0.00355744 -0.000884704 -0.000163717 6.6751e-05 
2.1 -45.1776 -6.36603 2.54944 0.0258838 -0.729255 -0.576677 -0.576878 -0.57692 -0.576852 -0.576695 -0.729263 0.452905 0.202592 0.238887 0.22457 0.238913 0.202575 0.452897 0.245337 -0.245337 -0.244637 0.244637 0.244717 -0.244721 -0.246471 0.244719 1 -0.246493 -0.246476 0.244727 0.244636 -0.244635 -0.245339 0.245336 7.37187e-06 -4.00904e-06 -0.000156144 6.28712e-05 0.00356542 -0.000893793 -0.0836888 0.00709189 1 -0.0841696 -0.0838112 0.00707917 0.00356907 -0.000902557 -0.000164143 6.78047e-05 
2.2 -45.0968 -6.36729 2.54818 0.0259526 -0.729425 -0.576797 -0.576987 -0.576993 -0.576971 -0.5768 -0.729393 0.452735 0.202472 0.238778 0.224497 0.238794 0.202469 0.452767 0.245324 -0.245324 -0.244622 0.244622 0.244701 -0.244705 -0.246463 0.244706 1 -0.246479 -0.246466 0.244709 0.244623 -0.24462 -0.245329 0.245323 7.41793e-06 -4.02259e-06 -0.000156951 6.29987e-05 0.00357883 -0.000894003 -0.0838557 0.00710786 1 -0.0842128 -0.0838895 0.00710288 0.00357853 -0.000900216 -0.000164511 6.78656e-05 
2.3 -45.0078 -6.36886 2.54661 0.0260294 -0.729618 -0.576942 -0.577113 -0.577072 -0.577128 -0.576928 -0.729581 0.452542 0.202327 0.238652 0.224418 0.238637 0.202341 0.452579 0.245308 -0.245308 -0.244603 0.244603 0.244683 -0.244686 -0.246455 0.244691 1 -0.246464 -0.246451 0.244686 0.244602 -0.244605 -0.24531 0.245309 7.48585e-06 -4.0639e-06 -0.000158056 6.35875e-05 0.00359543 -0.000898872 -0.0840712 0.00712548 1 -0.0842679 -0.0839755 0.00713465 0.00359 -0.000885951 -0.000165504 6.74334e-05 
2.4 -44.91 -6.37078 2.54469 0.0261289 -0.729846 -0.577102 -0.577273 -0.577234 -0.577299 -0.577089 -0.729844 0.452314 0.202167 0.238492 0.224256 0.238466 0.202181 0.452316 0.245286 -0.245286 -0.244577 0.244577 0.244658 -0.244661 -0.246438 0.244667 1 -0.246448 -0.246433 0.24466 0.244573 -0.244582 -0.245283 0.245288 7.56993e-06 -4.13293e-06 -0.000159288 6.45309e-05 0.0036125 -0.000909304 -0.0842749 0.00715858 1 -0.0844755 -0.0841697 0.00717031 0.00360718 -0.000886589 -0.000167256 6.78341e-05 
2.5 -44.8025 -6.37285 2.54263 0.0262484 -0.730106 -0.577265 -0.577456 -0.577465 -0.577461 -0.577267 -0.730146 0.452054 0.202004 0.238309 0.224025 0.238304 0.202002 0.452014 0.245258 -0.245258 -0.244547 0.244547 0.244629 -0.244633 -0.246415 0.244634 1 -0.246432 -0.246416 0.244635 0.244541 -0.24455 -0.245254 0.245259 7.65225e-06 -4.19896e-06 -0.000160445 6.53178e-05 0.00362844 -0.000919221 -0.0844384 0.00720482 1 -0.0848072 -0.0844551 0.00720377 0.00362825 -0.000909785 -0.000169044 6.93796e-05 
2.6 -44.6844 -6.37492 2.54055 0.0263747 -0.730386 -0.577434 -0.577642 -0.577685 -0.57762 -0.577451 -0.730425 0.451774 0.201835 0.238123 0.223805 0.238145 0.201818 0.451735 0.245231 -0.245231 -0.244518 0.244518 0.2446 -0.244604 -0.246393 0.244603 1 -0.246415 -0.246398 0.24461 0.244514 -0.244516 -0.24523 0.24523 7.72678e-06 -4.24151e-06 -0.000161545 6.57153e-05 0.00364518 -0.000923909 -0.0846066 0.00724926 1 -0.0850985 -0.0847252 0.00723644 0.0036488 -0.000933421 -0.000170168 7.09098e-05 
2.7 -44.5547 -6.37708 2.53839 0.0264983 -0.730682 -0.577629 -0.577831 -0.577853 -0.57781 -0.577639 -0.730677 0.451478 0.20164 0.237933 0.223637 0.237955 0.201631 0.451483 0.245205 -0.245205 -0.244489 0.244489 0.244572 -0.244576 -0.246376 0.244576 1 -0.246395 -0.24638 0.244581 0.244489 -0.244487 -0.245209 0.245204 7.80917e-06 -4.279e-06 -0.000162863 6.61098e-05 0.00366599 -0.000926815 -0.0848457 0.00728444 1 -0.0852743 -0.0849233 0.00727577 0.00366737 -0.000935448 -0.000171008 7.13891e-05 
2.8 -44.4125 -6.37956 2.53591 0.0266305 -0.731003 -0.577857 -0.578041 -0.578012 -0.578046 -0.577844 -0.730957 0.451157 0.201412 0.237723 0.223478 0.237719 0.201425 0.451203 0.245178 -0.245178 -0.244457 0.244457 0.244541 -0.244544 -0.246359 0.244548 1 -0.24637 -0.246357 0.244546 0.244459 -0.244458 -0.245182 0.245178 7.91797e-06 -4.34472e-06 -0.000164597 6.69959e-05 0.00369159 -0.000934649 -0.085161 0.00731907 1 -0.0854183 -0.0851045 0.00732452 0.00368734 -0.000923111 -0.000172392 7.12668e-05 
2.9 -44.2564 -6.38251 2.53297 0.0267872 -0.731364 -0.578113 -0.57829 -0.578243 -0.578316 -0.578093 -0.731327 0.450796 0.201157 0.237475 0.223248 0.237449 0.201176 0.450833 0.245144 -0.245144 -0.244418 0.244418 0.244502 -0.244506 -0.246334 0.244512 1 -0.246344 -0.24633 0.244504 0.244416 -0.244422 -0.245144 0.245145 8.05259e-06 -4.44498e-06 -0.000166608 6.83306e-05 0.00371987 -0.000948866 -0.0854958 0.00736784 1 -0.085693 -0.0853766 0.00738071 0.00371365 -0.000924219 -0.000174713 7.18965e-05 
3 -44.0855 -6.38582 2.52965 0.0269755 -0.731774 -0.578384 -0.578576 -0.578565 -0.578593 -0.578381 -0.731788 0.450386 0.200886 0.237189 0.222926 0.237172 0.200888 0.450372 0.245102 -0.245102 -0.244371 0.244371 0.244457 -0.24446 -0.246301 0.244464 1 -0.246317 -0.2463 0.244461 0.244365 -0.244375 -0.245098 0.245104 8.19483e-06 -4.55233e-06 -0.000168622 6.96138e-05 0.00374833 -0.000963989 -0.0858049 0.00743426 1 -0.0861228 -0.0857678 0.00743914 0.00374593 -0.000950794 -0.000177644 7.38254e-05 
3.1 -43.8984 -6.38934 2.52614 0.0271837 -0.732229 -0.57867 -0.578885 -0.57892 -0.578871 -0.578688 -0.732279 0.449931 0.200599 0.23688 0.222571 0.236893 0.200581 0.449881 0.245056 -0.245056 -0.244321 0.244321 0.244408 -0.244412 -0.246265 0.244411 1 -0.246288 -0.246269 0.244417 0.244314 -0.244321 -0.245052 0.245056 8.33471e-06 -4.64252e-06 -0.000170642 7.05615e-05 0.00377771 -0.00097456 -0.086111 0.00750762 1 -0.0865905 -0.0862016 0.00749808 0.00378044 -0.000982168 -0.000180243 7.60428e-05 
3.2 -43.6938 -6.39303 2.52244 0.0273996 -0.732725 -0.578987 -0.579207 -0.579243 -0.57918 -0.579004 -0.732758 0.449435 0.200282 0.236558 0.222247 0.236585 0.200265 0.449402 0.24501 -0.24501 -0.24427 0.24427 0.244358 -0.244362 -0.246231 0.244361 1 -0.246254 -0.246237 0.244369 0.244267 -0.244268 -0.24501 0.245008 8.48598e-06 -4.72748e-06 -0.000172935 7.14848e-05 0.00381155 -0.00098275 -0.0864798 0.00757589 1 -0.0869741 -0.0865925 0.00756299 0.00381448 -0.000993443 -0.000182137 7.7341e-05 
3.3 -43.4703 -6.39708 2.51839 0.0276259 -0.733262 -0.579348 -0.579554 -0.579546 -0.579546 -0.579345 -0.733242 0.448898 0.199922 0.236211 0.221944 0.236219 0.199925 0.448918 0.244961 -0.244961 -0.244215 0.244215 0.244304 -0.244308 -0.246199 0.244311 1 -0.246215 -0.2462 0.244312 0.244216 -0.244214 -0.244965 0.24496 8.66987e-06 -4.84069e-06 -0.000175722 7.28952e-05 0.00385204 -0.00099558 -0.0869463 0.00764158 1 -0.0873029 -0.0869512 0.00764106 0.00385005 -0.000987856 -0.000184335 7.79243e-05 
3.4 -43.2263 -6.40169 2.51379 0.0278815 -0.733851 -0.579754 -0.579948 -0.579902 -0.579968 -0.579734 -0.733798 0.448309 0.199515 0.235817 0.221589 0.235797 0.199535 0.448362 0.244906 -0.244906 -0.244151 0.244151 0.244242 -0.244246 -0.24616 0.244252 1 -0.246171 -0.246156 0.244245 0.244152 -0.244154 -0.244909 0.244906 8.89269e-06 -4.99696e-06 -0.000179001 7.48787e-05 0.00389815 -0.00101587 -0.0874783 0.00771934 1 -0.0877105 -0.0873715 0.00773143 0.00389182 -0.000991478 -0.000187736 7.91069e-05 
3.5 -42.9605 -6.40691 2.50856 0.0281799 -0.734505 -0.580198 -0.580398 -0.580363 -0.580422 -0.580183 -0.734475 0.447655 0.199072 0.235367 0.221127 0.235343 0.199086 0.447685 0.24484 -0.24484 -0.244077 0.244077 0.244169 -0.244173 -0.246111 0.244179 1 -0.246125 -0.246107 0.244173 0.244074 -0.244081 -0.244839 0.244842 9.14208e-06 -5.17772e-06 -0.000182555 7.70278e-05 0.00394748 -0.0010393 -0.0880194 0.00781899 1 -0.0882929 -0.0879269 0.0078292 0.00394245 -0.00102063 -0.000192141 8.16535e-05 
3.6 -42.6712 -6.41265 2.50283 0.0285187 -0.735233 -0.580672 -0.580895 -0.580909 -0.580896 -0.58068 -0.735258 0.446927 0.198597 0.23487 0.220582 0.234869 0.198589 0.446902 0.244765 -0.244765 -0.243993 0.243993 0.244088 -0.244092 -0.246053 0.244094 1 -0.246075 -0.246054 0.244096 0.243986 -0.243996 -0.24476 0.244766 9.40449e-06 -5.35695e-06 -0.000186232 7.8989e-05 0.00399912 -0.00106018 -0.0885617 0.00793597 1 -0.0890005 -0.0885909 0.00793276 0.00399936 -0.00106183 -0.000196884 8.4878e-05 
3.7 -42.3568 -6.4188 2.49667 0.0288853 -0.736037 -0.581186 -0.581428 -0.58147 -0.581404 -0.581207 -0.73609 0.446123 0.198083 0.234337 0.22002 0.23436 0.198062 0.44607 0.244684 -0.244684 -0.243904 0.243905 0.244001 -0.244006 -0.245992 0.244005 1 -0.246019 -0.245998 0.244013 0.243898 -0.243904 -0.244681 0.244684 9.68743e-06 -5.53683e-06 -0.000190255 8.09392e-05 0.00405562 -0.00107881 -0.0891569 0.00805817 1 -0.0897045 -0.0892761 0.00804479 0.004059 -0.00108989 -0.000201299 8.76109e-05 
3.8 -42.0156 -6.42544 2.49003 0.0292751 -0.736918 -0.581758 -0.581999 -0.58202 -0.581977 -0.581769 -0.736945 0.445242 0.197511 0.233766 0.219471 0.233787 0.197501 0.445215 0.244598 -0.244598 -0.243809 0.243809 0.243908 -0.243913 -0.245932 0.243914 1 -0.245956 -0.245936 0.243919 0.243807 -0.243808 -0.2446 0.244596 1.00154e-05 -5.74767e-06 -0.000194976 8.33739e-05 0.00412101 -0.00110115 -0.0898618 0.00818046 1 -0.0903517 -0.0899405 0.00817141 0.0041219 -0.00109959 -0.000205484 8.96749e-05 
3.9 -41.6461 -6.43277 2.4827 0.0297006 -0.737881 -0.582399 -0.582627 -0.5826 -0.582632 -0.582388 -0.737856 0.444279 0.19687 0.233138 0.218891 0.233133 0.196882 0.444304 0.244505 -0.244505 -0.243704 0.243704 0.243805 -0.24381 -0.245867 0.243815 1 -0.245884 -0.245866 0.243812 0.243705 -0.243704 -0.244509 0.244503 1.04054e-05 -6.01456e-06 -0.00020049 8.65316e-05 0.00419649 -0.00113161 -0.0906833 0.00831206 1 -0.0910264 -0.0906375 0.00831766 0.00419196 -0.0011112 -0.000210628 9.20988e-05 
4 -41.2467 -6.44096 2.47451 0.0301818 -0.738936 -0.583107 -0.583332 -0.583283 -0.583357 -0.583087 -0.738884 0.443224 0.196162 0.232433 0.218208 0.232408 0.196183 0.443276 0.244397 -0.244397 -0.243583 0.243582 0.243687 -0.243691 -0.24579 0.243699 1 -0.245804 -0.245785 0.243691 0.243583 -0.243586 -0.2444 0.244398 1.08558e-05 -6.33494e-06 -0.000206678 9.02044e-05 0.00428007 -0.00116862 -0.0915789 0.0084679 1 -0.0918586 -0.09146 0.00848193 0.00427299 -0.00114492 -0.000217527 9.58799e-05 
4.1 -40.8157 -6.45005 2.46542 0.0307288 -0.740098 -0.583875 -0.584116 -0.584094 -0.584135 -0.583867 -0.740069 0.442062 0.195394 0.231649 0.217397 0.23163 0.195402 0.442091 0.244274 -0.244274 -0.243445 0.243445 0.243553 -0.243558 -0.245698 0.243563 1 -0.245718 -0.245696 0.243559 0.243441 -0.24345 -0.244273 0.244277 1.13564e-05 -6.68919e-06 -0.000213433 9.40663e-05 0.00437006 -0.00120737 -0.0925106 0.00865329 1 -0.0928903 -0.0924477 0.00866015 0.00436608 -0.0011982 -0.000225678 0.00010086 
4.2 -40.3518 -6.45997 2.4555 0.031338 -0.741378 -0.584704 -0.584973 -0.584996 -0.584966 -0.584717 -0.7414 0.440782 0.194566 0.230792 0.216494 0.230799 0.194553 0.44076 0.244137 -0.244137 -0.243293 0.243293 0.243405 -0.24341 -0.245595 0.243412 1 -0.245624 -0.245598 0.243416 0.243284 -0.243295 -0.244133 0.24414 1.19084e-05 -7.06985e-06 -0.000220811 9.80996e-05 0.00446754 -0.0012458 -0.093494 0.00886094 1 -0.0940436 -0.0935549 0.00885342 0.00446885 -0.00125098 -0.000234276 0.000106065 
4.3 -39.8536 -6.47071 2.44476 0.0320018 -0.742787 -0.585608 -0.585896 -0.585937 -0.58587 -0.585628 -0.742837 0.439373 0.193661 0.229869 0.215554 0.229895 0.193641 0.439323 0.243988 -0.243988 -0.243128 0.243128 0.243243 -0.24325 -0.245486 0.243249 1 -0.245519 -0.245492 0.243258 0.24312 -0.243127 -0.243985 0.243988 1.25346e-05 -7.49799e-06 -0.000229124 0.000102675 0.00457622 -0.0012874 -0.0945868 0.00908172 1 -0.0952158 -0.0947105 0.00906741 0.00457919 -0.00129105 -0.000243113 0.000111007 
4.4 -39.32 -6.48239 2.43309 0.0327222 -0.744332 -0.586605 -0.586895 -0.586908 -0.586876 -0.586612 -0.744365 0.437828 0.192665 0.22887 0.214583 0.228889 0.192658 0.437795 0.243825 -0.243825 -0.242947 0.242947 0.243067 -0.243074 -0.245371 0.243076 1 -0.2454 -0.245375 0.243081 0.242944 -0.242946 -0.243826 0.243823 1.32668e-05 -8.00854e-06 -0.000238748 0.000108201 0.00470005 -0.00133749 -0.095835 0.00931559 1 -0.0963943 -0.0959003 0.00930835 0.0046994 -0.00132658 -0.000252645 0.000116286 
4.5 -38.7499 -6.49519 2.42029 0.0335152 -0.746021 -0.587704 -0.587989 -0.587957 -0.587996 -0.587692 -0.746009 0.436139 0.191565 0.227776 0.213533 0.227769 0.191578 0.436151 0.243644 -0.243644 -0.242746 0.242745 0.242871 -0.242877 -0.245243 0.242884 1 -0.245266 -0.245242 0.242881 0.242747 -0.242747 -0.243648 0.243642 1.41258e-05 -8.62373e-06 -0.000249819 0.000114773 0.0048404 -0.00139785 -0.0972387 0.00957364 1 -0.0976719 -0.0971857 0.00958058 0.00483451 -0.00137473 -0.0002638 0.000122908 
4.6 -38.1428 -6.50927 2.4062 0.0344023 -0.747867 -0.588907 -0.589197 -0.589147 -0.589222 -0.588887 -0.747823 0.434293 0.190362 0.226568 0.212344 0.226543 0.190382 0.434337 0.24344 -0.24344 -0.242518 0.242518 0.242649 -0.242656 -0.245097 0.242665 1 -0.245119 -0.245092 0.242657 0.242518 -0.242522 -0.243444 0.243439 1.51191e-05 -9.34695e-06 -0.000262284 0.00012225 0.00499603 -0.00146651 -0.0987647 0.00987025 1 -0.0991587 -0.0986468 0.0098849 0.004988 -0.00144485 -0.00027742 0.000131309 
4.7 -37.498 -6.52472 2.39075 0.0353972 -0.749884 -0.59021 -0.590524 -0.590497 -0.590545 -0.590202 -0.749846 0.432276 0.189059 0.225241 0.210994 0.22522 0.189067 0.432314 0.243209 -0.243209 -0.242262 0.242261 0.2424 -0.242407 -0.244928 0.242415 1 -0.244957 -0.244925 0.24241 0.242257 -0.242267 -0.24321 0.243211 1.62551e-05 -1.01784e-05 -0.0002762 0.00013058 0.00516614 -0.00154148 -0.100388 0.0102119 1 -0.100887 -0.100317 0.0102203 0.00516081 -0.00153137 -0.000293484 0.000141158 
4.8 -36.8158 -6.54152 2.37395 0.0365025 -0.752089 -0.591618 -0.591967 -0.591982 -0.591965 -0.591628 -0.752087 0.430071 0.187651 0.223798 0.209509 0.2238 0.187641 0.430073 0.242952 -0.242952 -0.241977 0.241977 0.242123 -0.242131 -0.244739 0.242135 1 -0.244778 -0.244742 0.242139 0.241967 -0.24198 -0.242949 0.242955 1.75571e-05 -1.1133e-05 -0.000291849 0.000139966 0.00535303 -0.00162316 -0.102126 0.0105946 1 -0.102801 -0.102168 0.0105887 0.00535276 -0.00162137 -0.000311317 0.0001519 
4.9 -36.0963 -6.55973 2.35574 0.0377173 -0.754498 -0.593142 -0.593524 -0.593562 -0.593501 -0.593162 -0.754531 0.427662 0.186127 0.222241 0.207928 0.222264 0.186107 0.427629 0.242667 -0.242667 -0.241663 0.241663 0.241817 -0.241827 -0.244532 0.241828 1 -0.244579 -0.24454 0.241838 0.241651 -0.241664 -0.242663 0.242669 1.90687e-05 -1.22486e-05 -0.000309662 0.000150808 0.00556156 -0.00171464 -0.104026 0.0110122 1 -0.10482 -0.104147 0.0109969 0.00556388 -0.00171015 -0.000330728 0.000163602 
5 -35.3403 -6.57943 2.33604 0.0390475 -0.757127 -0.5948 -0.595202 -0.595226 -0.595178 -0.594813 -0.757168 0.425033 0.184469 0.220563 0.206264 0.220587 0.184457 0.424992 0.242352 -0.242352 -0.241316 0.241317 0.241481 -0.241491 -0.244309 0.241494 1 -0.244355 -0.244315 0.241503 0.241308 -0.241317 -0.24235 0.242352 2.08485e-05 -1.35791e-05 -0.000330122 0.000163541 0.00579656 -0.00182021 -0.106136 0.011466 1 -0.106928 -0.106237 0.0114539 0.00579629 -0.00180606 -0.000352378 0.000177071 
5.1 -34.5492 -6.60079 2.31468 0.0405092 -0.759989 -0.596604 -0.597018 -0.597003 -0.597012 -0.596599 -0.760008 0.422171 0.182665 0.218747 0.204487 0.218752 0.18267 0.422152 0.242003 -0.242003 -0.240932 0.240931 0.241107 -0.241118 -0.244062 0.241126 1 -0.244105 -0.244065 0.241127 0.240929 -0.240934 -0.242005 0.242 2.2957e-05 -1.51797e-05 -0.000353675 0.00017849 0.00606106 -0.00194264 -0.108472 0.0119661 1 -0.109181 -0.108476 0.0119668 0.00605502 -0.00192022 -0.000377273 0.00019328 
5.2 -33.7247 -6.62396 2.29151 0.0421259 -0.763098 -0.598558 -0.59899 -0.598941 -0.599006 -0.59854 -0.763084 0.419062 0.180711 0.216775 0.20255 0.216759 0.180729 0.419076 0.241611 -0.241611 -0.240501 0.240501 0.240689 -0.2407 -0.243786 0.240713 1 -0.243827 -0.243783 0.240706 0.240501 -0.240505 -0.241615 0.241608 2.54508e-05 -1.71018e-05 -0.000380681 0.000195893 0.00635645 -0.0020826 -0.11102 0.0125272 1 -0.111674 -0.110929 0.0125403 0.00634606 -0.0020577 -0.00040637 0.000212783 
5.3 -32.8689 -6.64907 2.2664 0.0439206 -0.766469 -0.600663 -0.601127 -0.601074 -0.601153 -0.600646 -0.766435 0.415691 0.178606 0.214638 0.200416 0.214612 0.178624 0.415725 0.241171 -0.241171 -0.240018 0.240018 0.240221 -0.240233 -0.243473 0.240248 1 -0.24352 -0.243468 0.240239 0.240016 -0.240025 -0.241175 0.24117 2.83935e-05 -1.94025e-05 -0.000411513 0.000216079 0.00668393 -0.0022408 -0.113761 0.0131621 1 -0.114467 -0.113648 0.0131779 0.0066734 -0.00221798 -0.000440455 0.000235724 
5.4 -31.9848 -6.67617 2.2393 0.0459105 -0.770118 -0.602919 -0.603433 -0.603405 -0.60345 -0.602915 -0.770087 0.412042 0.17635 0.212332 0.198085 0.212315 0.176354 0.412073 0.240678 -0.240678 -0.239479 0.239479 0.239698 -0.239712 -0.243121 0.239726 1 -0.24318 -0.243119 0.239722 0.239471 -0.239486 -0.240679 0.240679 3.18727e-05 -2.21595e-05 -0.000446727 0.000239579 0.00704613 -0.00241974 -0.116694 0.0138777 1 -0.117563 -0.116643 0.0138846 0.00703898 -0.00239984 -0.000480094 0.000262221 
5.5 -31.0755 -6.70529 2.21018 0.0481064 -0.774062 -0.605332 -0.605906 -0.605914 -0.605903 -0.605343 -0.774051 0.408098 0.173937 0.209859 0.195577 0.209862 0.173926 0.408109 0.240127 -0.240127 -0.238879 0.238879 0.239117 -0.239133 -0.242729 0.239145 1 -0.242803 -0.242733 0.23915 0.238866 -0.238886 -0.240126 0.240132 3.60088e-05 -2.54795e-05 -0.000487127 0.000267098 0.00744805 -0.00262307 -0.119844 0.0146748 1 -0.120917 -0.119891 0.0146679 0.00744496 -0.00260334 -0.000525657 0.000292796 
5.6 -30.1448 -6.73648 2.17899 0.0505178 -0.778317 -0.60791 -0.608546 -0.608574 -0.608525 -0.607928 -0.77833 0.403843 0.171359 0.207219 0.192916 0.20724 0.171341 0.40383 0.239516 -0.239516 -0.238215 0.238215 0.238475 -0.238493 -0.242296 0.238504 1 -0.242384 -0.242306 0.238515 0.238197 -0.238221 -0.239512 0.23952 4.09578e-05 -2.95025e-05 -0.000533708 0.000299447 0.00789655 -0.00285471 -0.123248 0.0155541 1 -0.124489 -0.123368 0.0155374 0.00789517 -0.00283152 -0.000577682 0.00032854 
5.7 -29.1968 -6.76981 2.14566 0.0531586 -0.782898 -0.610661 -0.611357 -0.611379 -0.611332 -0.610675 -0.782925 0.399262 0.168609 0.204408 0.190112 0.204433 0.168594 0.399235 0.238837 -0.238836 -0.237479 0.237479 0.237764 -0.237785 -0.241821 0.237798 1 -0.241918 -0.241832 0.23781 0.237462 -0.237485 -0.238833 0.238839 4.69135e-05 -3.44075e-05 -0.000587579 0.000337562 0.0083987 -0.00311912 -0.12694 0.0165217 1 -0.128273 -0.127065 0.0165048 0.008395 -0.00309084 -0.000637258 0.000370983 
5.8 -28.2361 -6.80535 2.11012 0.0560493 -0.78782 -0.61359 -0.614347 -0.61434 -0.614332 -0.613593 -0.787845 0.39434 0.165679 0.201418 0.18715 0.201433 0.165676 0.394315 0.238081 -0.238081 -0.236663 0.236663 0.236976 -0.237 -0.241297 0.23702 1 -0.241399 -0.241304 0.237026 0.23665 -0.236671 -0.23808 0.23808 5.41127e-05 -4.04192e-05 -0.00064994 0.000382567 0.00896037 -0.00342151 -0.130938 0.0175905 1 -0.132304 -0.131004 0.0175829 0.00895077 -0.00338865 -0.000706086 0.00042174 
5.9 -27.2673 -6.84317 2.0723 0.0592153 -0.793093 -0.616698 -0.617523 -0.61748 -0.617525 -0.616688 -0.793106 0.389067 0.162571 0.198242 0.18401 0.19824 0.162581 0.389054 0.237238 -0.237238 -0.235756 0.235756 0.236102 -0.236129 -0.240715 0.236157 1 -0.240825 -0.240718 0.236155 0.235748 -0.235767 -0.23724 0.237235 6.28387e-05 -4.7811e-05 -0.000722145 0.000435803 0.00958624 -0.00376762 -0.135241 0.0187768 1 -0.136637 -0.135221 0.0187831 0.00956968 -0.0037302 -0.000786207 0.000482297 
6 -26.2955 -6.8833 2.03217 0.062683 -0.798727 -0.619982 -0.620888 -0.620819 -0.620906 -0.619964 -0.798724 0.383433 0.159288 0.194876 0.180671 0.194859 0.159305 0.383436 0.236298 -0.236298 -0.234749 0.234748 0.235132 -0.235162 -0.240069 0.235198 1 -0.240191 -0.240067 0.23519 0.234743 -0.234764 -0.236303 0.236293 7.34346e-05 -5.6922e-05 -0.000805735 0.000498868 0.0102812 -0.00416366 -0.139838 0.0200976 1 -0.141324 -0.139754 0.0201155 0.0102594 -0.00411935 -0.00087977 0.000554227 
6.1 -25.3257 -6.92572 1.98975 0.0664771 -0.804727 -0.623433 -0.624441 -0.624365 -0.624466 -0.623416 -0.804712 0.377433 0.155836 0.191323 0.177126 0.191299 0.155853 0.377448 0.23525 -0.23525 -0.233631 0.23363 0.234056 -0.234091 -0.239349 0.234135 1 -0.239494 -0.239346 0.234125 0.233624 -0.233649 -0.235256 0.235246 8.63245e-05 -6.81685e-05 -0.000902519 0.000573627 0.011051 -0.00461633 -0.144722 0.0215677 1 -0.14639 -0.144623 0.0215891 0.0110275 -0.00456174 -0.000989062 0.000639478 
6.2 -24.363 -6.97038 1.94509 0.0706187 -0.811096 -0.627043 -0.628176 -0.628109 -0.628196 -0.627035 -0.811078 0.371064 0.152226 0.187589 0.173382 0.187569 0.152234 0.371082 0.234084 -0.234084 -0.232394 0.232393 0.232868 -0.232909 -0.238551 0.232958 1 -0.238727 -0.23855 0.232952 0.232381 -0.232416 -0.234089 0.234083 0.000102038 -8.20694e-05 -0.00101461 0.000662268 0.0119029 -0.00513322 -0.14989 0.0231994 1 -0.151834 -0.149831 0.0232148 0.0118807 -0.00506653 -0.00111668 0.000740656 
6.3 -23.4122 -7.0172 1.89827 0.0751255 -0.817837 -0.630804 -0.632081 -0.632033 -0.632088 -0.630809 -0.817821 0.364323 0.148466 0.183684 0.169457 0.183677 0.148461 0.364339 0.232792 -0.232792 -0.231028 0.231028 0.231558 -0.231607 -0.23767 0.231662 1 -0.237885 -0.237676 0.231664 0.231009 -0.231051 -0.232795 0.232791 0.000121236 -9.92727e-05 -0.00114447 0.000767343 0.0128452 -0.00572263 -0.155352 0.0250026 1 -0.157636 -0.155365 0.0250051 0.0128239 -0.00564503 -0.00127281 0.000866255 
6.4 -22.4781 -7.06609 1.84938 0.0800219 -0.824944 -0.634704 -0.636143 -0.636113 -0.636135 -0.634721 -0.824935 0.357216 0.144565 0.179621 0.165377 0.17963 0.144549 0.357225 0.231362 -0.231362 -0.229528 0.229523 0.230124 -0.23017 -0.236708 0.230238 1 -0.236961 -0.23672 0.230249 0.229502 -0.229547 -0.231364 0.231361 0.000150795 -0.000122349 -0.0013204 0.000896598 0.0138784 -0.00639146 -0.161113 0.0269844 1 -0.163766 -0.161204 0.026975 0.0138576 -0.00631682 -0.00146527 0.00102376 
6.5 -21.5652 -7.11692 1.79855 0.0853238 -0.83241 -0.638737 -0.640352 -0.640329 -0.640337 -0.638756 -0.832416 0.34975 0.140533 0.175413 0.161162 0.175428 0.140514 0.349744 0.229784 -0.229784 -0.227882 0.227868 0.228557 -0.22859 -0.235659 0.228679 1 -0.235947 -0.235678 0.228699 0.227856 -0.2279 -0.229789 0.229786 0.000194972 -0.00015516 -0.00155247 0.00105435 0.0150125 -0.00715137 -0.167186 0.0291552 1 -0.170211 -0.167333 0.0291437 0.0149893 -0.00710668 -0.00172048 0.00121609 
6.6 -20.6775 -7.16959 1.74588 0.091038 -0.840235 -0.64289 -0.644704 -0.644669 -0.64469 -0.642904 -0.840254 0.341925 0.136379 0.171061 0.156821 0.171075 0.136366 0.341906 0.228045 -0.228047 -0.226078 0.226061 0.22684 -0.226874 -0.23451 0.226984 1 -0.234841 -0.234533 0.227005 0.226056 -0.226101 -0.228057 0.228051 0.000247022 -0.000196932 -0.00180921 0.00123936 0.0162756 -0.00801515 -0.173587 0.0315327 1 -0.176982 -0.173752 0.0315325 0.0162421 -0.00802239 -0.00205062 0.00144406 
6.7 -19.8185 -7.22393 1.69155 0.0971709 -0.848411 -0.647142 -0.649191 -0.649123 -0.64918 -0.647147 -0.848434 0.333749 0.132128 0.166574 0.152367 0.166584 0.132122 0.333726 0.226132 -0.226134 -0.224105 0.224091 0.224963 -0.22502 -0.233251 0.225144 1 -0.23364 -0.233275 0.225161 0.224087 -0.224142 -0.226154 0.226142 0.00029984 -0.000244638 -0.00208291 0.00145395 0.017684 -0.00899427 -0.180315 0.0341311 1 -0.184087 -0.180467 0.0341523 0.0176341 -0.00905376 -0.00239392 0.00170385 
6.8 -18.9916 -7.27968 1.63579 0.103728 -0.856916 -0.651468 -0.653789 -0.653673 -0.65378 -0.651467 -0.856931 0.325244 0.127801 0.161976 0.147817 0.161985 0.127802 0.325229 0.224034 -0.224035 -0.221952 0.221942 0.222915 -0.223001 -0.231879 0.223148 1 -0.232339 -0.231902 0.223157 0.221935 -0.222004 -0.224063 0.224044 0.000352441 -0.000296373 -0.00236168 0.0016988 0.0192363 -0.0100926 -0.18735 0.0369576 1 -0.191519 -0.187477 0.0370018 0.0191679 -0.0101786 -0.00271962 0.00199758 
6.9 -18.1992 -7.33658 1.57889 0.110719 -0.865722 -0.655848 -0.658467 -0.658297 -0.658458 -0.655843 -0.865722 0.316438 0.123422 0.157298 0.143193 0.157307 0.123426 0.316438 0.221742 -0.221742 -0.219611 0.219597 0.220693 -0.220795 -0.230394 0.220984 1 -0.230938 -0.230417 0.220988 0.219595 -0.219672 -0.221772 0.221742 0.000414398 -0.000355696 -0.00266204 0.00198166 0.0209197 -0.0113155 -0.194652 0.0400163 1 -0.199266 -0.194752 0.0400774 0.0208599 -0.0113647 -0.00317028 0.00236292 
7 -17.4435 -7.39433 1.52114 0.118147 -0.874794 -0.660261 -0.663196 -0.662978 -0.663189 -0.660255 -0.874779 0.307366 0.119008 0.152569 0.138512 0.152576 0.119014 0.307381 0.219247 -0.219245 -0.21708 0.217052 0.2183 -0.218401 -0.2288 0.218652 1 -0.229435 -0.228822 0.218653 0.217067 -0.217147 -0.219277 0.219237 0.000501802 -0.000462633 -0.00301582 0.00231816 0.0227272 -0.0126785 -0.202179 0.0433151 1 -0.207322 -0.202257 0.0433844 0.0227392 -0.0126292 -0.00420357 0.00286307 
7.1 -16.726 -7.45266 1.46281 0.126022 -0.884101 -0.66469 -0.667956 -0.667702 -0.667954 -0.664683 -0.884079 0.298059 0.114579 0.147809 0.133789 0.147811 0.114587 0.298081 0.216537 -0.216537 -0.214356 0.214315 0.215739 -0.215832 -0.227093 0.216155 1 -0.227834 -0.227115 0.216156 0.214352 -0.214437 -0.216578 0.216528 0.000633902 -0.000618793 -0.00345626 0.00271383 0.0246829 -0.0141936 -0.209897 0.0468621 1 -0.215689 -0.209962 0.0469365 0.0248065 -0.0140474 -0.0056671 0.00354743 
7.2 -16.0478 -7.51133 1.40414 0.134349 -0.893615 -0.669112 -0.672736 -0.672453 -0.672745 -0.669102 -0.893596 0.288545 0.110157 0.143029 0.129037 0.14302 0.110167 0.288564 0.213607 -0.213609 -0.211435 0.211386 0.213008 -0.213103 -0.225268 0.213499 1 -0.226136 -0.225291 0.213501 0.21145 -0.211543 -0.213667 0.213602 0.00086992 -0.000633134 -0.00401374 0.0032261 0.0268532 -0.0158648 -0.217784 0.0506649 1 -0.224365 -0.217855 0.0507559 0.0270854 -0.0157104 -0.00731668 0.00439885 
7.3 -15.4094 -7.57013 1.34534 0.143116 -0.903311 -0.673501 -0.677531 -0.677213 -0.677552 -0.673489 -0.903302 0.278849 0.105768 0.138234 0.124277 0.138213 0.10578 0.278858 0.210445 -0.21045 -0.20831 0.208261 0.210097 -0.210215 -0.223316 0.210681 1 -0.224343 -0.223343 0.210686 0.208352 -0.208457 -0.210535 0.210449 0.0013233 -0.00114192 -0.0050747 0.00399519 0.0292823 -0.0177073 -0.225824 0.0547307 1 -0.23334 -0.225934 0.0548643 0.0295507 -0.0176742 -0.00890821 0.00538056 
