time en(t) enf(t) enf(t)-en0 svN(t) localEn(t) localEn(t)-localEn0 SzSz(t) Sperp(t)
0 -156.889 -28.422 6.43753 0.0469153 0.0437376 0.0437508 0.0437501 0.0437501 0.0437501 0.0437501 0.0437501 0.0437501 0.0437508 0.0437378 0.0469153 -2.86246 -2.26929 -2.26982 -2.26981 -2.26981 -2.26981 -2.26981 -2.26981 -2.26981 -2.26982 -2.26929 -2.86246 0.924793 0.430066 0.472348 0.463378 0.464308 0.463871 0.463871 0.464308 0.463378 0.472348 0.430066 0.924793 0.244603 -0.244136 0.244196 -0.244196 0.244195 -0.245644 1 -0.245644 0.244195 -0.244196 0.244196 -0.244136 0.244604 1.06833e-08 -2.25194e-07 5.13605e-06 -0.000121076 0.00296632 -0.0760311 1 -0.0760311 0.00296632 -0.000121076 5.13606e-06 -2.25191e-07 1.06849e-08 
0 -156.815 -28.4229 6.43662 0.0469396 0.0437606 0.0437737 0.0437729 0.0437729 0.0437729 0.0437729 0.0437729 0.0437729 0.0437737 0.0437607 0.0469396 -2.86255 -2.26937 -2.26989 -2.26989 -2.26989 -2.26989 -2.26989 -2.26989 -2.26989 -2.26989 -2.26937 -2.86255 0.924695 0.429995 0.472277 0.463307 0.464236 0.4638 0.4638 0.464236 0.463307 0.472277 0.429994 0.924695 0.2446 -0.244132 0.244193 -0.244192 0.244191 -0.245641 1 -0.245641 0.244191 -0.244192 0.244193 -0.244132 0.2446 1.05818e-08 -2.23162e-07 5.10838e-06 -0.000120807 0.00296761 -0.0760537 1 -0.0760538 0.00296761 -0.000120807 5.10839e-06 -2.23166e-07 1.05455e-08 
0 -156.614 -28.427 6.4326 0.0470478 0.0438615 0.0438744 0.0438737 0.0438736 0.0438735 0.0438735 0.0438737 0.0438736 0.0438743 0.0438588 0.0470453 -2.86299 -2.26968 -2.2702 -2.2702 -2.2702 -2.2702 -2.2702 -2.2702 -2.2702 -2.2702 -2.26968 -2.863 0.92426 0.429681 0.471962 0.462993 0.463922 0.463486 0.463486 0.463922 0.462993 0.471962 0.429679 0.924255 0.244586 -0.244116 0.244177 -0.244177 0.244175 -0.245629 1 -0.245629 0.244175 -0.244177 0.244177 -0.244117 0.244586 1.06027e-08 -2.23363e-07 5.11869e-06 -0.000121119 0.00297477 -0.0761534 1 -0.0761531 0.00297478 -0.000121119 5.11866e-06 -2.23375e-07 1.05405e-08 
0 -156.072 -28.4377 6.42181 0.0473466 0.0441365 0.0441493 0.0441487 0.0441485 0.0441485 0.0441484 0.0441486 0.0441486 0.0441489 0.0441407 0.0473379 -2.86418 -2.27052 -2.27105 -2.27105 -2.27105 -2.27105 -2.27105 -2.27105 -2.27105 -2.27105 -2.27052 -2.86415 0.923068 0.428839 0.471116 0.462146 0.463076 0.462639 0.46264 0.463076 0.462146 0.471118 0.428844 0.923102 0.244546 -0.244074 0.244135 -0.244135 0.244133 -0.245597 1 -0.245597 0.244133 -0.244135 0.244135 -0.244074 0.244547 1.08335e-08 -2.27345e-07 5.19231e-06 -0.000122433 0.00299638 -0.0764264 1 -0.0764261 0.00299639 -0.000122432 5.19227e-06 -2.27358e-07 1.07631e-08 
0 -154.621 -28.4654 6.39415 0.0481176 0.0448453 0.0448586 0.0448578 0.0448579 0.0448579 0.0448578 0.0448576 0.0448579 0.0448585 0.0448501 0.0481183 -2.86722 -2.27267 -2.27321 -2.2732 -2.2732 -2.2732 -2.2732 -2.2732 -2.2732 -2.27321 -2.27266 -2.86721 0.920025 0.426693 0.468958 0.459989 0.460918 0.460481 0.460482 0.460918 0.459989 0.468959 0.426699 0.920042 0.244444 -0.243964 0.244026 -0.244026 0.244024 -0.245516 1 -0.245516 0.244024 -0.244026 0.244026 -0.243964 0.244444 1.15327e-08 -2.39605e-07 5.40836e-06 -0.000126084 0.00305343 -0.0771275 1 -0.0771275 0.00305341 -0.000126084 5.4084e-06 -2.39615e-07 1.14851e-08 
0 -150.839 -28.5369 6.32265 0.0501553 0.0467247 0.0467394 0.0467384 0.0467386 0.0467387 0.0467387 0.0467384 0.0467385 0.0467398 0.0467231 0.0501646 -2.87507 -2.27822 -2.27879 -2.27879 -2.27879 -2.27879 -2.27879 -2.27879 -2.27879 -2.27879 -2.27822 -2.87509 0.912183 0.421141 0.463375 0.454406 0.455335 0.454898 0.454898 0.455335 0.454406 0.463374 0.42114 0.91216 0.244172 -0.243671 0.243737 -0.243737 0.243735 -0.245298 1 -0.245298 0.243735 -0.243737 0.243737 -0.243671 0.244172 1.33613e-08 -2.70776e-07 5.96264e-06 -0.000135535 0.00320351 -0.0789507 1 -0.0789511 0.00320349 -0.000135535 5.96269e-06 -2.70778e-07 1.33229e-08 
0 -141.623 -28.7123 6.14724 0.0554886 0.0516454 0.0516628 0.0516617 0.0516617 0.0516618 0.0516619 0.0516619 0.0516617 0.0516632 0.0516392 0.0554947 -2.89432 -2.29184 -2.2925 -2.29249 -2.29249 -2.29249 -2.29249 -2.29249 -2.29249 -2.2925 -2.29185 -2.89435 0.89293 0.407516 0.44967 0.440702 0.441631 0.441194 0.441194 0.441631 0.440702 0.449668 0.40751 0.892897 0.243452 -0.242894 0.242969 -0.242969 0.242967 -0.244722 1 -0.244722 0.242967 -0.242969 0.242969 -0.242894 0.243452 1.89086e-08 -3.60392e-07 7.5188e-06 -0.000161041 0.00360014 -0.083507 1 -0.0835072 0.00360015 -0.000161041 7.51879e-06 -3.60404e-07 1.88202e-08 
0 -122.428 -29.0812 5.77839 0.0686121 0.0637226 0.0637472 0.0637457 0.0637455 0.0637455 0.0637456 0.0637459 0.0637456 0.0637471 0.0637193 0.0686076 -2.93497 -2.32044 -2.3213 -2.32129 -2.32129 -2.32129 -2.32129 -2.32129 -2.32129 -2.3213 -2.32044 -2.93498 0.85228 0.378924 0.420869 0.411903 0.412832 0.412396 0.412396 0.412832 0.411903 0.420868 0.378919 0.85227 0.241629 -0.240933 0.241032 -0.241031 0.241027 -0.243267 1 -0.243267 0.241027 -0.241031 0.241032 -0.240933 0.241629 3.94282e-08 -6.55718e-07 1.22829e-05 -0.000230311 0.0046056 -0.0935619 1 -0.0935618 0.00460563 -0.000230311 1.22828e-05 -6.5576e-07 3.91813e-08 
0 -92.9249 -29.6618 5.19771 0.0971772 0.0898816 0.0899261 0.0899236 0.0899241 0.0899251 0.0899232 0.0899255 0.0899234 0.0899267 0.0898853 0.097165 -2.99951 -2.3652 -2.36656 -2.36655 -2.36655 -2.36655 -2.36655 -2.36655 -2.36655 -2.36656 -2.3652 -2.99949 0.787742 0.33416 0.375603 0.366642 0.36757 0.367132 0.367135 0.367568 0.366643 0.375604 0.334158 0.787757 0.237445 -0.236451 0.236608 -0.236608 0.236601 -0.239946 1 -0.239945 0.236601 -0.236608 0.236608 -0.236452 0.237446 1.33443e-07 -1.73447e-06 2.77204e-05 -0.000409099 0.0069182 -0.111401 1 -0.111398 0.00691834 -0.000409084 2.77568e-05 -1.73442e-06 1.33228e-07 
0 -63.6899 -30.2828 4.57671 0.149343 0.137294 0.137389 0.137384 0.137384 0.137387 0.137383 0.137387 0.137384 0.137391 0.137303 0.149329 -3.06969 -2.41241 -2.41485 -2.41483 -2.41483 -2.41483 -2.41483 -2.41483 -2.41483 -2.41485 -2.41242 -3.06966 0.717563 0.286945 0.32732 0.318366 0.319293 0.318854 0.318859 0.319289 0.318367 0.32732 0.286943 0.717588 0.229197 -0.227676 0.227958 -0.227957 0.227943 -0.233458 1 -0.233455 0.227943 -0.227957 0.227957 -0.227677 0.229198 6.18408e-07 -5.74009e-06 7.70374e-05 -0.00082121 0.0115054 -0.136217 1 -0.136212 0.0115058 -0.000820942 7.71514e-05 -5.75419e-06 6.20661e-07 
0 -45.0899 -30.7449 4.1147 0.228198 0.208233 0.208436 0.208422 0.208421 0.208422 0.208421 0.208422 0.208421 0.208437 0.208239 0.228186 -3.12373 -2.44626 -2.45063 -2.4506 -2.45061 -2.45061 -2.45061 -2.45061 -2.4506 -2.45063 -2.44626 -3.1237 0.663523 0.253103 0.291538 0.282588 0.283514 0.283075 0.283079 0.283511 0.282589 0.291535 0.253103 0.663547 0.215587 -0.213345 0.213853 -0.213856 0.213827 -0.222903 1 -0.222905 0.213827 -0.213855 0.213853 -0.213346 0.215588 3.06303e-06 -1.94022e-05 0.000222242 -0.00163079 0.0191427 -0.165838 1 -0.165839 0.019143 -0.00162959 0.00022213 -1.94568e-05 3.0591e-06 
0 -36.4521 -31.0085 3.85101 0.329469 0.298143 0.298532 0.298495 0.298492 0.298491 0.298492 0.29849 0.298492 0.298531 0.29814 0.32946 -3.15709 -2.46351 -2.47093 -2.47091 -2.47092 -2.47092 -2.47092 -2.47092 -2.47091 -2.47094 -2.4635 -3.15707 0.63016 0.235853 0.27124 0.262278 0.263201 0.262762 0.262764 0.263199 0.26228 0.271232 0.235863 0.630178 0.196616 -0.193648 0.194507 -0.19453 0.194494 -0.208516 1 -0.208527 0.194494 -0.194528 0.194506 -0.193649 0.196617 5.86159e-06 -2.57074e-05 0.000468388 -0.00237629 0.0298314 -0.19892 1 -0.198934 0.0298309 -0.00237174 0.000467648 -2.56753e-05 5.7859e-06 
0 -33.073 -31.1352 3.7244 0.444803 0.398895 0.399557 0.399469 0.399465 0.39946 0.399463 0.399459 0.399463 0.399552 0.398891 0.444801 -3.1764 -2.46884 -2.48055 -2.48059 -2.4806 -2.48061 -2.48061 -2.48061 -2.48059 -2.48056 -2.46882 -3.17639 0.610852 0.230522 0.261616 0.252606 0.253518 0.253078 0.253079 0.253516 0.252607 0.261607 0.230538 0.610864 0.173576 -0.170157 0.171488 -0.171561 0.171572 -0.191612 1 -0.191631 0.171573 -0.171558 0.171488 -0.170157 0.173577 1.11942e-05 -3.67042e-05 0.00101029 -0.00388574 0.0430176 -0.23386 1 -0.233884 0.0430158 -0.00388023 0.00100996 -3.61832e-05 1.08971e-05 
0 -31.8563 -31.1895 3.67007 0.565804 0.502719 0.503706 0.503518 0.503515 0.503508 0.503509 0.503507 0.503508 0.503691 0.502725 0.565809 -3.18884 -2.46727 -2.48452 -2.48468 -2.48472 -2.48473 -2.48472 -2.48472 -2.48468 -2.48453 -2.46725 -3.18883 0.598412 0.232093 0.257645 0.248516 0.2494 0.248959 0.248961 0.249397 0.248515 0.257642 0.23211 0.598421 0.148418 -0.145054 0.146955 -0.14713 0.147329 -0.173997 1 -0.17402 0.147331 -0.147127 0.146954 -0.145054 0.148418 3.17437e-05 -7.32223e-05 0.00201581 -0.00631349 0.0577983 -0.26811 1 -0.268138 0.0577958 -0.00630834 0.0020125 -7.20148e-05 3.09666e-05 
0 -31.4358 -31.2111 3.64845 0.685868 0.603991 0.60526 0.604897 0.604897 0.60489 0.604887 0.60489 0.604885 0.60523 0.604015 0.685878 -3.19883 -2.46195 -2.48585 -2.48624 -2.48634 -2.48635 -2.48634 -2.48635 -2.48625 -2.48584 -2.46194 -3.19882 0.588423 0.237408 0.256315 0.246949 0.247781 0.247335 0.247342 0.247774 0.246946 0.256324 0.237418 0.588434 0.123087 -0.120377 0.122899 -0.12327 0.12392 -0.157362 1 -0.157382 0.123923 -0.123266 0.122899 -0.120378 0.123086 8.10551e-05 -0.000149121 0.00354573 -0.00967035 0.0731618 -0.298888 1 -0.298911 0.073155 -0.00969625 0.00354152 -0.00014905 8.16246e-05 
0 -31.2939 -31.2193 3.64027 0.800226 0.699242 0.700608 0.699968 0.699967 0.699964 0.699958 0.699966 0.699956 0.700561 0.699291 0.800241 -3.20843 -2.45462 -2.48595 -2.48676 -2.48694 -2.48696 -2.48695 -2.48695 -2.48676 -2.48592 -2.45463 -3.20841 0.57882 0.24474 0.256216 0.246437 0.247179 0.246728 0.246738 0.24717 0.246429 0.256244 0.244735 0.578838 0.0991124 -0.0975825 0.100726 -0.101414 0.102921 -0.142892 1 -0.142902 0.102927 -0.101412 0.100727 -0.097584 0.0991115 0.000187114 -0.000334752 0.00576053 -0.0142446 0.088385 -0.324099 1 -0.324115 0.0883738 -0.0142642 0.00575226 -0.000326479 0.000183801 
0 -31.2468 -31.2223 3.63728 0.905314 0.786545 0.787641 0.786591 0.786583 0.786587 0.786578 0.786591 0.786583 0.787583 0.786617 0.90533 -3.21834 -2.44629 -2.48536 -2.48683 -2.48715 -2.48717 -2.48717 -2.48716 -2.48684 -2.48532 -2.44632 -3.21831 0.568912 0.253067 0.256804 0.246364 0.246968 0.246511 0.246518 0.246959 0.246352 0.256848 0.253045 0.568938 0.0774586 -0.0774386 0.0811587 -0.0823299 0.0852097 -0.131135 1 -0.131132 0.0852164 -0.0823294 0.0811608 -0.0774411 0.0774575 0.000369283 -0.000654251 0.00868564 -0.0201471 0.102994 -0.342798 1 -0.342807 0.102978 -0.0201567 0.00867295 -0.000642143 0.000357233 
0 -31.2313 -31.2233 3.63621 0.998268 0.865007 0.865284 0.863658 0.863629 0.863642 0.863633 0.863649 0.863658 0.865221 0.865096 0.998282 -3.22856 -2.43772 -2.48425 -2.48669 -2.48722 -2.48725 -2.48725 -2.48722 -2.48671 -2.48419 -2.43776 -3.22852 0.558692 0.261637 0.25792 0.2465 0.246903 0.246437 0.246437 0.246899 0.246484 0.257976 0.261599 0.558726 0.0585752 -0.0601505 0.0643676 -0.0662244 0.0710481 -0.122088 1 -0.122072 0.071055 -0.0662261 0.0643713 -0.0601537 0.058574 0.000657163 -0.00114737 0.0123752 -0.027279 0.116663 -0.355157 1 -0.355163 0.116643 -0.027283 0.0123581 -0.00113498 0.000638604 
0 -31.2263 -31.2237 3.63582 1.07689 0.93459 0.933352 0.93096 0.930886 0.930905 0.930901 0.930918 0.930972 0.933296 0.934684 1.0769 -3.23879 -2.42957 -2.4826 -2.48642 -2.48722 -2.48727 -2.48728 -2.48722 -2.48644 -2.48254 -2.42961 -3.23875 0.548457 0.269795 0.259564 0.246768 0.2469 0.246417 0.246403 0.246903 0.246748 0.259624 0.269749 0.548495 0.0425505 -0.0455708 0.0501806 -0.0529521 0.0602784 -0.115391 1 -0.115365 0.0602839 -0.0529558 0.050185 -0.0455741 0.0425494 0.00109474 -0.00187552 0.0167884 -0.0354606 0.129192 -0.362128 1 -0.36214 0.129171 -0.0354631 0.0167656 -0.00186323 0.00106403 
0 -31.2247 -31.2239 3.63568 1.14002 0.996132 0.992623 0.989258 0.989105 0.98912 0.989128 0.989142 0.989287 0.992583 0.996218 1.14002 -3.24865 -2.42241 -2.48038 -2.48605 -2.48719 -2.48727 -2.4873 -2.48718 -2.48607 -2.48033 -2.42245 -3.24861 0.538601 0.276952 0.261785 0.247147 0.24693 0.246418 0.246387 0.246946 0.247125 0.261841 0.276908 0.538641 0.0292764 -0.03341 0.0383083 -0.0422532 0.0525111 -0.110542 1 -0.110511 0.0525137 -0.042259 0.0383136 -0.0334122 0.0292755 0.00171514 -0.00286344 0.0218107 -0.0443409 0.140398 -0.365028 1 -0.365052 0.140379 -0.0443454 0.0217888 -0.00285434 0.00167079 
