time en(t) enf(t) enf(t)-en0 svN(t) localEn(t) localEn(t)-localEn0 SzSz(t) Sperp(t)
0 -108.29 -19.3428 4.58443 0.0469153 0.0437376 0.0437508 0.0437501 0.0437501 0.0437508 0.0437378 0.0469153 -2.86246 -2.26929 -2.26982 -2.26981 -2.26981 -2.26982 -2.26929 -2.86246 0.925084 0.430268 0.472676 0.464188 0.464188 0.472676 0.430267 0.925084 0.244603 -0.244136 0.244195 -0.245643 1 -0.245643 0.244195 -0.244136 0.244604 5.38462e-06 -0.000121053 0.00296635 -0.0760311 1 -0.0760311 0.00296635 -0.000121052 5.38511e-06 
0 -108.239 -19.3434 4.58382 0.0469395 0.0437604 0.0437736 0.0437729 0.0437729 0.0437735 0.0437609 0.0469367 -2.86255 -2.26937 -2.26989 -2.26989 -2.26989 -2.26989 -2.26937 -2.86254 0.924987 0.430196 0.472605 0.464117 0.464117 0.472605 0.430196 0.924999 0.2446 -0.244132 0.244191 -0.245641 1 -0.245641 0.244191 -0.244132 0.2446 5.36959e-06 -0.000120783 0.00296764 -0.0760537 1 -0.0760537 0.00296764 -0.000120783 5.3555e-06 
0 -108.1 -19.3462 4.58103 0.0470477 0.0438616 0.0438743 0.0438733 0.0438734 0.043875 0.0438612 0.0470549 -2.86299 -2.26968 -2.2702 -2.2702 -2.2702 -2.27021 -2.26968 -2.86302 0.924551 0.429882 0.472291 0.463804 0.463803 0.472289 0.429882 0.924524 0.244586 -0.244116 0.244175 -0.245629 1 -0.245629 0.244175 -0.244116 0.244585 5.38896e-06 -0.000121094 0.0029748 -0.0761533 1 -0.0761537 0.00297484 -0.000121103 5.36778e-06 
0 -107.725 -19.3536 4.57355 0.0473466 0.0441373 0.0441501 0.0441492 0.0441491 0.0441503 0.0441367 0.0473548 -2.86418 -2.27052 -2.27105 -2.27105 -2.27105 -2.27105 -2.27052 -2.86421 0.92336 0.429038 0.471442 0.462955 0.462955 0.471441 0.429038 0.923326 0.244546 -0.244074 0.244133 -0.245597 1 -0.245597 0.244133 -0.244073 0.244545 5.46907e-06 -0.000122416 0.0029965 -0.076427 1 -0.0764273 0.00299651 -0.000122424 5.44608e-06 
0 -106.72 -19.3726 4.55457 0.0481184 0.0448465 0.0448601 0.0448595 0.0448593 0.0448596 0.0448468 0.0481168 -2.86723 -2.27267 -2.27321 -2.27321 -2.27321 -2.27321 -2.27267 -2.86722 0.920314 0.426891 0.469282 0.460794 0.460794 0.469283 0.426891 0.920318 0.244444 -0.243964 0.244024 -0.245515 1 -0.245515 0.244024 -0.243964 0.244444 5.68911e-06 -0.000126071 0.0030536 -0.0771289 1 -0.0771287 0.00305357 -0.000126073 5.67256e-06 
0 -104.101 -19.4217 4.5055 0.0501559 0.0467247 0.0467396 0.046739 0.046739 0.046739 0.0467255 0.0501465 -2.87507 -2.27822 -2.27879 -2.27879 -2.27879 -2.27879 -2.27822 -2.87503 0.912473 0.421342 0.463703 0.455215 0.455215 0.463704 0.421343 0.912507 0.244172 -0.243671 0.243735 -0.245298 1 -0.245298 0.243735 -0.243671 0.244173 6.26882e-06 -0.000135509 0.00320356 -0.078951 1 -0.0789506 0.00320352 -0.000135504 6.25361e-06 
0 -97.7206 -19.5423 4.38494 0.0554883 0.0516442 0.0516615 0.0516604 0.0516606 0.0516617 0.0516444 0.055483 -2.89432 -2.29184 -2.29249 -2.29249 -2.29249 -2.29249 -2.29184 -2.8943 0.893222 0.407721 0.450002 0.441515 0.441515 0.450001 0.407721 0.893246 0.243452 -0.242895 0.242967 -0.244722 1 -0.244722 0.242967 -0.242895 0.243453 7.91887e-06 -0.000160993 0.00360006 -0.0835059 1 -0.0835059 0.00360006 -0.000160993 7.89012e-06 
0 -84.43 -19.796 4.13123 0.0686111 0.0637218 0.0637461 0.0637442 0.0637443 0.0637468 0.0637211 0.0686162 -2.93497 -2.32043 -2.32129 -2.32129 -2.32129 -2.3213 -2.32043 -2.93497 0.852573 0.379128 0.4212 0.412717 0.412717 0.421199 0.379128 0.852567 0.241629 -0.240933 0.241028 -0.243267 1 -0.243267 0.241028 -0.240933 0.241629 1.2968e-05 -0.000230232 0.00460555 -0.0935607 1 -0.0935611 0.00460564 -0.000230263 1.29114e-05 
0 -64.0017 -20.1957 3.73154 0.0971766 0.089884 0.0899274 0.0899241 0.089924 0.089928 0.0898829 0.0971881 -2.99951 -2.3652 -2.36656 -2.36655 -2.36655 -2.36656 -2.3652 -2.99953 0.788036 0.334361 0.375932 0.367453 0.367453 0.37593 0.334362 0.788012 0.237445 -0.236451 0.236602 -0.239946 1 -0.239946 0.236602 -0.23645 0.237445 2.93583e-05 -0.000408951 0.00691815 -0.111398 1 -0.111399 0.00691811 -0.000408976 2.92979e-05 
0 -43.7582 -20.6236 3.30361 0.149343 0.137304 0.137393 0.137386 0.137386 0.137393 0.137299 0.149354 -3.06968 -2.41242 -2.41485 -2.41483 -2.41483 -2.41485 -2.41242 -3.06971 0.717858 0.287139 0.327647 0.319176 0.319176 0.327645 0.287143 0.717829 0.229197 -0.227676 0.227944 -0.233457 1 -0.233457 0.227944 -0.227676 0.229196 8.18122e-05 -0.000821112 0.0115057 -0.136213 1 -0.136213 0.0115055 -0.000820853 8.18645e-05 
0 -30.8775 -20.9425 2.98471 0.2282 0.208247 0.208441 0.208423 0.208423 0.20844 0.208234 0.228205 -3.12372 -2.44627 -2.45063 -2.45061 -2.4506 -2.45064 -2.44626 -3.12375 0.663817 0.253292 0.291862 0.283398 0.283398 0.291859 0.253301 0.663788 0.215587 -0.21335 0.213829 -0.222902 1 -0.222902 0.213829 -0.21335 0.215586 0.000236752 -0.00162981 0.0191447 -0.165839 1 -0.16584 0.0191445 -0.00162992 0.000236625 
0 -24.8952 -21.1249 2.80227 0.329471 0.298153 0.298534 0.298495 0.298494 0.298534 0.298135 0.32947 -3.15709 -2.46352 -2.47093 -2.47091 -2.47091 -2.47094 -2.4635 -3.15712 0.630452 0.236043 0.271562 0.263089 0.263089 0.271556 0.236057 0.630421 0.196615 -0.193675 0.194498 -0.208516 1 -0.208516 0.194499 -0.193677 0.196614 0.000492125 -0.00238084 0.0298375 -0.198934 1 -0.198934 0.0298365 -0.00237576 0.0004946 
0 -22.5548 -21.2128 2.7144 0.444805 0.398901 0.399553 0.399468 0.399468 0.399555 0.398889 0.444801 -3.1764 -2.46885 -2.48055 -2.48059 -2.48058 -2.48056 -2.46883 -3.17643 0.611142 0.230712 0.26194 0.253417 0.253418 0.261933 0.230727 0.611112 0.173575 -0.170235 0.171579 -0.191613 1 -0.191613 0.171581 -0.170239 0.173574 0.00106698 -0.00389714 0.0430292 -0.233885 1 -0.233884 0.0430272 -0.00388256 0.00106807 
0 -21.7122 -21.2507 2.67654 0.565804 0.502722 0.50369 0.503518 0.503517 0.503693 0.502726 0.565799 -3.18884 -2.46728 -2.48452 -2.48468 -2.48468 -2.48453 -2.46727 -3.18887 0.598701 0.23228 0.257976 0.249324 0.249326 0.25797 0.232293 0.598673 0.148417 -0.145239 0.147338 -0.173996 1 -0.173997 0.147341 -0.145243 0.148417 0.00215027 -0.00630857 0.0578136 -0.268141 1 -0.268139 0.0578138 -0.00629989 0.0021499 
0 -21.4212 -21.2658 2.66141 0.685863 0.603996 0.605233 0.604901 0.604898 0.605231 0.604019 0.685862 -3.19883 -2.46197 -2.48584 -2.48625 -2.48625 -2.48584 -2.46197 -3.19885 0.588713 0.237588 0.256656 0.247754 0.247755 0.256655 0.237596 0.588689 0.123093 -0.120764 0.123925 -0.157357 1 -0.157358 0.123928 -0.120768 0.123093 0.0038606 -0.00960392 0.0731698 -0.298914 1 -0.298912 0.0731761 -0.00962554 0.00384493 
0 -21.323 -21.2715 2.65565 0.800216 0.699259 0.700572 0.699977 0.699971 0.700562 0.699296 0.80022 -3.20843 -2.45465 -2.48593 -2.48676 -2.48676 -2.48592 -2.45465 -3.20845 0.579114 0.244911 0.256568 0.247239 0.247241 0.256574 0.244911 0.579095 0.0991412 -0.0983007 0.102914 -0.142878 1 -0.142878 0.102916 -0.0983019 0.0991413 0.00629249 -0.0141123 0.0883986 -0.324113 1 -0.324109 0.0884026 -0.0141245 0.00625993 
0 -21.2905 -21.2737 2.65354 0.905298 0.786582 0.787601 0.786604 0.786595 0.787582 0.786622 0.905306 -3.21833 -2.44633 -2.48533 -2.48683 -2.48683 -2.48532 -2.44634 -3.21835 0.569211 0.253229 0.257164 0.24717 0.247172 0.257177 0.253224 0.569195 0.0775382 -0.0786616 0.0851751 -0.131107 1 -0.131106 0.0851743 -0.0786578 0.0775374 0.00953059 -0.0198678 0.102999 -0.342789 1 -0.342786 0.103003 -0.0198711 0.00946108 
0 -21.2799 -21.2744 2.65278 0.998246 0.865066 0.865246 0.863676 0.863664 0.865221 0.865099 0.998256 -3.22855 -2.43777 -2.48421 -2.48668 -2.48668 -2.48419 -2.43778 -3.22856 0.558995 0.261794 0.258283 0.247318 0.24732 0.258301 0.261784 0.55898 0.0587446 -0.0620871 0.0709642 -0.122039 1 -0.122037 0.0709604 -0.0620821 0.0587481 0.0136288 -0.0267363 0.116632 -0.355116 1 -0.355116 0.116639 -0.0267371 0.0135298 
0 -21.2764 -21.2747 2.6525 1.07687 0.934662 0.933327 0.930984 0.93097 0.933295 0.934681 1.07688 -3.23878 -2.42961 -2.48257 -2.48639 -2.48639 -2.48255 -2.42962 -3.2388 0.548761 0.269953 0.259925 0.247613 0.247616 0.259946 0.269943 0.548746 0.0428695 -0.0484619 0.0601184 -0.115316 1 -0.115312 0.0601121 -0.0484559 0.0428785 0.0185323 -0.0345016 0.129089 -0.362045 1 -0.362048 0.1291 -0.0344908 0.0183928 
0 -21.2753 -21.2748 2.6524 1.13998 0.996202 0.99262 0.989293 0.989277 0.992583 0.996208 1.13999 -3.24864 -2.42244 -2.48036 -2.48596 -2.48596 -2.48034 -2.42245 -3.24865 0.538903 0.277122 0.262135 0.248038 0.248042 0.26216 0.277111 0.538888 0.0298353 -0.0375416 0.0522463 -0.110436 1 -0.110431 0.0522381 -0.0375341 0.0298508 0.0240896 -0.0427724 0.140166 -0.364887 1 -0.364894 0.140182 -0.0427545 0.0239215 
0 -21.275 -21.2748 2.65236 1.18788 1.0514 1.04491 1.04041 1.04039 1.04487 1.0514 1.18789 -3.25774 -2.41676 -2.47753 -2.4854 -2.4854 -2.4775 -2.41677 -3.25775 0.529804 0.282804 0.264968 0.248601 0.248606 0.264994 0.282793 0.529789 0.0195206 -0.0290741 0.0468829 -0.106927 1 -0.106922 0.0468735 -0.0290666 0.0195396 0.0300954 -0.0510821 0.14965 -0.364965 1 -0.364974 0.149668 -0.0510571 0.0299162 
