h en0 var0 maxBondDim0 gap var1 maxBondDim1 
0 -42.6964 3.5934e-05 277 0.126108 3.68111e-05 352 
0.1 -44.5671 3.98991e-05 95 1.03923 4.67304e-05 268 
0.2 -47.1129 4.51617e-05 70 1.49132 4.10155e-05 163 
0.3 -49.896 4.92818e-05 57 1.84255 4.43816e-05 130 
0.4 -52.8229 4.76924e-05 46 2.14606 4.59655e-05 111 
0.5 -55.8503 5.44943e-05 42 2.42014 5.09393e-05 99 
0.6 -58.9532 7.63286e-05 38 2.67407 6.82421e-05 89 
0.7 -62.1155 8.239e-05 33 2.91369 7.28367e-05 81 
0.8 -65.3259 7.72289e-05 30 3.14298 7.10901e-05 74 
0.9 -68.5761 8.21743e-05 28 3.36475 7.6206e-05 68 
1 -71.8598 7.4403e-05 27 3.58099 7.21553e-05 62 
1.1 -75.1722 7.32165e-05 26 3.7931 7.15581e-05 57 
1.2 -78.5092 6.53428e-05 26 4.00212 6.4858e-05 55 
1.3 -81.8678 8.66248e-05 26 4.20879 8.41549e-05 52 
1.4 -85.2451 0.000103644 25 4.41367 9.70331e-05 49 
1.5 -88.6392 0.00010441 24 4.61715 0.000101589 46 
1.6 -92.0481 0.000119186 23 4.81956 0.000112523 45 
1.7 -95.4702 0.000154973 22 5.02112 0.000138245 43 
1.8 -98.9041 0.000133357 21 5.22202 0.000124307 40 
1.9 -102.349 0.000145825 20 5.4224 0.000137222 39 
2 -105.803 0.000134807 18 5.62236 0.000135632 37 
2.1 -109.266 0.000174302 18 5.82189 0.00027559 38 
2.2 -112.737 0.000197028 17 6.02043 0.000841167 35 
2.3 -116.216 0.00016851 16 6.21454 0.00217434 35 
2.4 -119.701 0.000174161 15 6.40795 0.000274376 29 
2.5 -123.192 0.000151221 15 6.60568 0.000152989 25 
2.6 -126.689 0.000187041 15 6.80381 0.000180174 26 
2.7 -130.192 0.000135587 14 7.00201 0.000132093 24 
2.8 -133.699 0.000155219 14 7.20025 0.000154138 23 
2.9 -137.21 0.00013522 14 7.39854 0.000133622 23 
3 -140.726 0.000117212 14 7.59686 0.00011846 22 
3.1 -144.246 0.000101972 14 7.79523 0.000107071 21 
3.2 -147.769 8.90198e-05 14 7.99364 9.37353e-05 21 
3.3 -151.296 7.79704e-05 14 8.19209 8.36505e-05 21 
3.4 -154.826 6.8508e-05 14 8.39058 7.35089e-05 21 
3.5 -158.359 6.03766e-05 14 8.58911 6.59626e-05 20 
3.6 -161.894 7.64397e-05 14 8.78768 7.99788e-05 20 
3.7 -165.432 6.8647e-05 14 8.98629 7.17441e-05 20 
3.8 -168.973 6.18141e-05 14 9.18494 6.73492e-05 19 
3.9 -172.516 5.82067e-05 13 9.38362 6.27584e-05 18 
4 -176.061 6.81328e-05 13 9.58234 6.2596e-05 18 
4.1 -179.608 7.37902e-05 13 9.78109 6.47922e-05 18 
4.2 -183.157 0.000232092 12 9.97988 0.000215931 18 
4.3 -186.708 0.000215335 12 10.1787 0.000200202 18 
4.4 -190.261 0.00020007 12 10.3775 0.000191197 18 
4.5 -193.816 0.000186142 12 10.5764 0.000177753 18 
4.6 -197.371 0.000231463 12 10.7753 0.000228131 18 
4.7 -200.929 0.000303591 12 10.9743 0.000290784 18 
4.8 -204.488 0.000298608 10 11.1732 0.000279061 18 
4.9 -208.048 0.000598124 10 11.3722 0.00058311 17 
5 -211.609 0.000575159 10 11.5712 0.000553116 17 
5.1 -215.172 0.00057402 9 11.7703 0.00053552 17 
5.2 -218.736 0.000684729 9 11.9693 0.000640939 17 
5.3 -222.301 0.000656164 9 12.1684 0.000607908 17 
5.4 -225.867 0.000615546 9 12.3675 0.000570298 17 
5.5 -229.434 0.000578021 9 12.5667 0.000546513 17 
5.6 -233.002 0.000543309 9 12.7658 0.000520457 17 
5.7 -236.571 0.000511162 9 12.965 0.000503747 16 
5.8 -240.14 0.0006531 9 13.1642 0.000635097 16 
5.9 -243.711 0.000616053 9 13.3634 0.000603092 16 
6 -247.282 0.0005982 8 13.5626 0.000577588 16 
6.1 -250.855 0.000565212 8 13.7619 0.000545665 16 
6.2 -254.428 0.000534465 8 13.9612 0.000515915 16 
6.3 -258.001 0.000505777 8 14.1604 0.000491061 16 
6.4 -261.576 0.000478987 8 14.3597 0.000467751 16 
6.5 -265.151 0.000453945 8 14.5591 0.000445186 15 
6.6 -268.726 0.000430517 8 14.7584 0.000422156 15 
6.7 -272.303 0.000408579 8 14.9577 0.000402495 14 
6.8 -275.88 0.000388019 8 15.1571 0.000382194 14 
6.9 -279.457 0.000368736 8 15.3565 0.000363156 14 
7 -283.035 0.000416322 8 15.5558 0.000410026 14 
7.1 -286.614 0.000396348 8 15.7552 0.000390306 14 
7.2 -290.193 0.000384031 7 15.9546 0.000374994 14 
7.3 -293.772 0.000366048 7 16.1541 0.00036186 12 
7.4 -297.352 0.000349105 7 16.3535 0.000346588 12 
7.5 -300.933 0.000333131 7 16.5529 0.000330685 12 
7.6 -304.513 0.00031806 7 16.7524 0.000315683 12 
7.7 -308.095 0.00030383 7 16.9519 0.000301521 12 
7.8 -311.677 0.000290387 7 17.1513 0.000288144 12 
7.9 -315.259 0.000277681 7 17.3508 0.000275503 12 
8 -318.841 0.00026566 7 17.5503 0.000263546 12 
8.1 -322.424 0.000254283 7 17.7498 0.000252229 12 
8.2 -326.007 0.000243508 7 17.9494 0.000241515 12 
8.3 -329.591 0.000233298 7 18.1489 0.000231361 12 
8.4 -333.175 0.000223615 7 18.3484 0.00022173 12 
8.5 -336.759 0.000214431 7 18.548 0.000213511 12 
8.6 -340.344 0.000205714 7 18.7475 0.00020481 12 
8.7 -343.929 0.000197434 7 18.9471 0.000196548 12 
8.8 -347.514 0.000189567 7 19.1466 0.000188698 12 
8.9 -351.1 0.000182086 7 19.3462 0.000181237 12 
9 -354.685 0.000174972 7 19.5458 0.00017414 12 
