h en0 var0 maxBondDim0 gap var1 maxBondDim1 
0 -78.4573 0.000100968 612 0.201267 0.000103798 814 
0.1 -81.9819 0.000114169 221 1.09766 0.000109218 550 
0.2 -86.6496 0.000123241 160 1.54834 0.000119287 392 
0.3 -91.6872 0.000140065 126 1.89137 0.000133566 305 
0.4 -96.9526 0.000153347 103 2.18332 0.000146797 249 
0.5 -102.38 0.000221605 89 2.44613 0.000202199 210 
0.6 -107.93 0.000204643 75 2.69074 0.000193638 181 
0.7 -113.577 0.000195409 68 2.92325 0.000189493 161 
0.8 -119.304 0.0002308 64 3.14736 0.000221053 144 
0.9 -125.098 0.000235414 58 3.36544 0.000228308 129 
1 -130.948 0.00026872 54 3.57909 0.000259988 119 
1.1 -136.846 0.000350836 49 3.78941 0.0003314 107 
1.2 -142.785 0.000654775 48 3.9972 0.000596335 99 
1.3 -148.762 0.00062877 43 4.20305 0.000578025 93 
1.4 -154.77 0.000593025 40 4.40739 0.000550406 86 
1.5 -160.807 0.000519719 38 4.61054 0.000491701 81 
1.6 -166.87 0.000485318 37 4.81277 0.000461808 77 
1.7 -172.955 0.000539517 36 5.01426 0.000511762 74 
1.8 -179.06 0.000710433 35 5.21515 0.000638187 70 
1.9 -185.184 0.000891527 33 5.41559 0.000832317 67 
2 -191.325 0.000877743 30 5.61565 0.000830945 65 
2.1 -197.481 0.00122679 29 5.81541 0.00114437 63 
2.2 -203.651 0.00121139 28 6.01493 0.00113511 61 
2.3 -209.834 0.0011654 26 6.21426 0.00108402 58 
2.4 -216.029 0.00121443 25 6.41345 0.00114631 56 
2.5 -222.234 0.00127704 24 6.61251 0.00120959 54 
2.6 -228.45 0.0011812 23 6.81148 0.00114417 52 
2.7 -234.674 0.00106914 22 7.01038 0.00102913 52 
2.8 -240.907 0.00101628 22 7.20922 0.000978365 51 
2.9 -247.148 0.000915144 22 7.40802 0.000886377 50 
3 -253.397 0.000822983 22 7.60679 0.000802544 50 
3.1 -259.652 0.000742471 22 7.80554 0.000728195 49 
3.2 -265.913 0.000671854 22 8.00427 0.000661804 48 
3.3 -272.181 0.000609678 22 8.203 0.000603201 47 
3.4 -278.454 0.000565657 22 8.40173 0.000563962 46 
3.5 -284.733 0.000597958 21 8.60047 0.000594464 45 
3.6 -291.016 0.000547534 21 8.79921 0.000553727 44 
3.7 -297.304 0.000508197 21 8.99796 0.000528092 43 
3.8 -303.597 0.000937274 21 9.19672 0.000925664 41 
3.9 -309.893 0.000928312 20 9.3955 0.000919789 41 
4 -316.194 0.000856018 20 9.59429 0.000858446 40 
4.1 -322.498 0.000811786 20 9.7931 0.000816317 39 
4.2 -328.805 0.00075734 20 9.99193 0.000756721 39 
4.3 -335.116 0.000768446 19 10.1908 0.000771489 38 
4.4 -341.43 0.00128413 18 10.3896 0.00128068 38 
4.5 -347.747 0.0011964 18 10.5885 0.00116661 36 
4.6 -354.067 0.00111609 18 10.7874 0.00110364 36 
4.7 -360.389 0.001253 18 10.9864 0.00122535 34 
4.8 -366.714 0.00118363 18 11.1853 0.00116187 34 
4.9 -373.041 0.00150981 16 11.3843 0.00146454 32 
5 -379.371 0.00158713 16 11.5833 0.00154186 31 
5.1 -385.703 0.00149967 15 11.7823 0.00148978 30 
5.2 -392.037 0.00172691 15 11.9813 0.00169109 30 
5.3 -398.373 0.00165789 15 12.1803 0.00164459 28 
5.4 -404.71 0.00177896 15 12.3794 0.0017692 28 
5.5 -411.05 0.00177584 15 12.5785 0.00175058 28 
5.6 -417.391 0.00168162 14 12.7776 0.00165815 28 
5.7 -423.734 0.00172882 14 12.9767 0.00168932 28 
5.8 -430.079 0.00162994 14 13.1758 0.00162468 27 
5.9 -436.425 0.00181055 14 13.375 0.00179792 27 
6 -442.773 0.00194911 14 13.5741 0.00190605 27 
6.1 -449.122 0.00194187 13 13.7733 0.00191645 26 
6.2 -455.472 0.00183709 13 13.9725 0.00181923 26 
6.3 -461.824 0.0019273 13 14.1717 0.00190198 26 
6.4 -468.177 0.00183959 12 14.371 0.00181439 26 
6.5 -474.531 0.00174442 12 14.5702 0.0017348 26 
6.6 -480.887 0.00165533 12 14.7695 0.00164794 26 
6.7 -487.243 0.00157183 12 14.9688 0.00157026 26 
6.8 -493.601 0.00149353 12 15.168 0.00149804 26 
6.9 -499.959 0.00142003 12 15.3673 0.00142526 26 
7 -506.319 0.00139169 12 15.5667 0.00139965 26 
7.1 -512.679 0.00132501 12 15.766 0.00133523 25 
7.2 -519.041 0.00134566 12 15.9653 0.00135766 25 
7.3 -525.403 0.00128576 12 16.1647 0.00130232 25 
7.4 -531.766 0.00123238 11 16.364 0.00124823 25 
7.5 -538.13 0.00117623 11 16.5634 0.00119237 25 
7.6 -544.495 0.00112323 11 16.7628 0.00113967 25 
7.7 -550.861 0.00107319 11 16.9622 0.00108995 25 
7.8 -557.227 0.00102589 11 17.1616 0.00104277 25 
7.9 -563.594 0.000981176 11 17.361 0.00101181 25 
8 -569.962 0.000938859 11 17.5605 0.0009706 25 
8.1 -576.331 0.00089881 11 17.7599 0.000930617 25 
8.2 -582.7 0.000860859 11 17.9593 0.000898095 24 
8.3 -589.069 0.000824899 11 18.1588 0.000862305 24 
8.4 -595.44 0.000790789 11 18.3583 0.000829469 24 
8.5 -601.811 0.000758418 11 18.5578 0.000797765 24 
8.6 -608.183 0.00072769 11 18.7572 0.000771918 24 
8.7 -614.555 0.000698498 11 18.9567 0.000751558 24 
8.8 -620.927 0.000670757 11 19.1562 0.000730095 24 
8.9 -627.301 0.000644381 11 19.3557 0.000717167 24 
9 -633.674 0.000619279 11 19.5553 0.000730829 24 
