h en0 var0 maxBondDim0 gap var1 maxBondDim1 
0 -181.655 0.0102143 1600 0.088573 0.0160355 1600 
0.1 -190.636 0.000566413 979 1.18258 0.000951855 1600 
0.2 -201.471 0.000674638 659 1.64844 0.000696933 1600 
0.3 -213.004 0.000721285 484 1.99598 0.000711473 1309 
0.4 -224.987 0.000971168 379 2.28471 0.000920622 1057 
0.5 -237.297 0.00116588 310 2.53987 0.00110076 861 
0.6 -249.858 0.00139754 260 2.77513 0.00132561 706 
0.7 -262.622 0.00155713 227 2.99822 0.00147533 603 
0.8 -275.553 0.00308682 196 3.21358 0.00282748 524 
0.9 -288.623 0.00610449 156 3.42388 0.00568323 462 
1 -301.813 0.00562567 129 3.63076 0.00525051 404 
1.1 -315.105 0.0068233 119 3.83523 0.00644574 359 
1.2 -328.485 0.0118549 99 4.03793 0.011105 328 
1.3 -341.943 0.0236396 85 4.23937 0.0222802 299 
1.4 -355.473 0.0212038 79 4.43997 0.0198843 273 
1.5 -369.064 0.0188633 75 4.63993 0.0178031 254 
1.6 -382.71 0.0171229 72 4.83941 0.0164159 231 
1.7 -396.405 0.0154606 70 5.03846 0.0146585 207 
1.8 -410.145 0.0136566 68 5.23725 0.0130083 191 
1.9 -423.925 0.0124675 66 5.43581 0.0119332 173 
2 -437.742 0.01146 64 5.63422 0.0110291 157 
2.1 -451.593 0.0104689 63 5.83252 0.0101371 143 
2.2 -465.474 0.0129845 61 6.03073 0.0125073 135 
2.3 -479.383 0.0148402 59 6.22887 0.0141497 127 
2.4 -493.319 0.0148044 56 6.42701 0.0141849 120 
2.5 -507.278 0.0126373 53 6.62513 0.0120974 110 
2.6 -521.259 0.013567 51 6.82326 0.0131364 102 
2.7 -535.26 0.0147791 49 7.02138 0.0142671 95 
2.8 -549.281 0.0153291 47 7.21951 0.0148156 90 
2.9 -563.319 0.0166457 46 7.41767 0.016191 87 
3 -577.374 0.0194265 43 7.61587 0.0191168 84 
3.1 -591.44 0.079346 43 7.81412 0.0794727 78 
3.2 -605.525 0.0789834 41 8.01223 0.0764779 74 
3.3 -619.622 0.0778634 41 8.21053 0.0756736 67 
3.4 -633.733 0.0740896 41 8.40886 0.0720418 66 
3.5 -647.855 0.0712079 41 8.60722 0.0692921 64 
3.6 -661.988 0.0685834 41 8.80561 0.066746 61 
3.7 -676.132 0.0658329 40 9.00404 0.0640389 59 
3.8 -690.284 0.111253 40 9.2024 0.107405 58 
3.9 -704.444 0.151779 40 9.40081 0.146028 57 
4 -718.616 0.146405 40 9.59936 0.140902 55 
4.1 -732.796 0.143413 39 9.79784 0.136012 55 
4.2 -746.984 0.138282 39 9.99646 0.131139 54 
4.3 -761.18 0.133791 38 10.1951 0.126864 52 
4.4 -775.382 0.129236 39 10.3938 0.12257 51 
4.5 -789.591 0.125272 38 10.5925 0.118783 50 
4.6 -803.806 0.121884 38 10.7913 0.115589 49 
4.7 -818.028 0.11817 37 10.99 0.112066 49 
4.8 -832.255 0.114441 36 11.1888 0.108475 49 
4.9 -846.487 0.110866 35 11.3877 0.105116 49 
5 -860.725 0.107866 36 11.5865 0.102281 48 
5.1 -874.968 0.105506 35 11.7854 0.100118 48 
5.2 -889.216 0.102344 35 11.9843 0.0970431 48 
5.3 -903.468 0.099644 33 12.1832 0.0944897 47 
5.4 -917.724 0.0972382 33 12.3822 0.0922636 47 
5.5 -931.985 0.0953206 33 12.5812 0.0904225 46 
5.6 -946.249 0.0924638 32 12.7802 0.0889081 46 
5.7 -960.518 0.090395 31 12.9793 0.0889315 44 
5.8 -974.79 0.0884499 31 13.1784 0.0869956 43 
5.9 -989.065 0.0860951 30 13.3775 0.084725 43 
6 -1003.34 0.0846493 30 13.5765 0.0832932 42 
6.1 -1017.63 0.105451 29 13.7756 0.103081 41 
6.2 -1031.91 0.103411 29 13.9748 0.103304 38 
6.3 -1046.2 0.100746 28 14.174 0.100653 37 
6.4 -1060.49 0.0987156 28 14.3731 0.09862 37 
6.5 -1074.78 0.0972286 27 14.5723 0.0961402 35 
6.6 -1089.08 0.0953057 26 14.7715 0.0942331 35 
6.7 -1103.38 0.0931234 26 14.9707 0.0930338 35 
6.8 -1117.68 0.0919629 25 15.17 0.0918809 34 
6.9 -1131.98 0.0896326 24 15.3692 0.0896605 32 
7 -1146.29 0.0877487 24 15.5685 0.0877641 32 
7.1 -1160.6 0.0856557 24 15.7677 0.0856869 31 
7.2 -1174.91 0.0835523 23 15.967 0.0835849 31 
7.3 -1189.22 0.0815235 23 16.1663 0.081563 31 
7.4 -1203.54 0.0795691 23 16.3657 0.0796133 30 
7.5 -1217.85 0.0777361 23 16.565 0.0777762 30 
7.6 -1232.17 0.0761233 23 16.7643 0.0761645 29 
7.7 -1246.49 0.074368 23 16.9637 0.0744065 29 
7.8 -1260.81 0.0726717 22 17.1631 0.0727203 29 
7.9 -1275.14 0.0710293 22 17.3625 0.0710832 29 
8 -1289.46 0.0694431 22 17.5619 0.0695067 28 
8.1 -1303.79 0.0679105 22 17.7613 0.0679726 28 
8.2 -1318.12 0.0664288 22 17.9607 0.0664892 28 
8.3 -1332.45 0.064996 22 18.1601 0.0650567 28 
8.4 -1346.78 0.06361 22 18.3595 0.0636835 28 
8.5 -1361.11 0.0622685 22 18.559 0.0623504 28 
8.6 -1375.44 0.0609697 22 18.7584 0.0610591 28 
8.7 -1389.78 0.0597119 22 18.9579 0.0610602 28 
8.8 -1404.11 0.0584933 22 19.1574 0.0598432 28 
8.9 -1418.45 0.057312 22 19.3569 0.0586932 28 
9 -1432.79 0.0561669 22 19.5564 0.0576744 28 
