t=0 enPsi maxBondDim enPhi svn(x) 
0 -18.1641 42 -16.877 0.730401 0.60362 0.651561 0.640726 0.645361 0.644511 0.645008 0.644902 0.645008 0.644511 0.645361 0.640726 0.651561 0.60362 0.7304 
0.1 -18.1641 42 -16.877 0.004882 0.00238373 1.99128e-06 1.24232e-07 -2.9937e-07 -1.36894e-06 -1.44256e-06 -1.48575e-06 -1.35984e-06 -6.89772e-07 -1.67203e-07 -2.04776e-07 -7.97928e-08 1.04182e-07 -1.53217e-08 
0.2 -18.1641 42 -16.877 0.0192016 0.00952317 3.43808e-05 5.21816e-06 -3.4069e-07 -1.73798e-06 -1.66804e-06 -1.80231e-06 -1.67616e-06 -8.43416e-07 -2.88692e-07 -5.18667e-07 -6.11037e-07 1.82862e-07 -7.04117e-08 
0.3 -18.1641 42 -16.877 0.0420264 0.0213865 0.000174887 2.67656e-05 -1.06688e-06 -2.02703e-06 -2.03963e-06 -2.41082e-06 -2.28521e-06 -1.59077e-06 -6.40421e-07 -7.86378e-07 -7.31055e-07 4.37317e-08 -4.02537e-08 
0.4 -18.1641 42 -16.877 0.0719412 0.0379192 0.000549326 8.60299e-05 -1.05624e-06 -2.37653e-06 -2.62154e-06 -3.14459e-06 -2.88336e-06 -2.04935e-06 -9.05752e-07 -9.81007e-07 -9.6653e-07 -2.18455e-07 -1.09892e-07 
0.5 -18.1641 40 -16.877 0.107209 0.0590215 0.00132702 0.000214247 1.07378e-06 -2.83875e-06 -3.35817e-06 -4.02687e-06 -3.57867e-06 -2.64271e-06 -1.25304e-06 -1.18608e-06 -1.90844e-06 -3.65867e-07 -2.56725e-07 
0.6 -18.1641 40 -16.877 0.145932 0.0845085 0.00271206 0.000452913 5.17673e-06 -3.10614e-06 -4.3678e-06 -5.10762e-06 -4.42468e-06 -3.44222e-06 -1.86786e-06 -2.45034e-06 -3.31571e-06 -2.40364e-07 -4.10766e-07 
0.7 -18.1641 40 -16.877 0.18619 0.114072 0.00493468 0.000860054 1.68936e-05 -2.35181e-06 -5.09821e-06 -6.08138e-06 -5.11214e-06 -4.14168e-06 -2.60594e-06 -3.01716e-06 -3.56394e-06 -4.26732e-07 -3.19747e-07 
0.8 -18.1641 40 -16.877 0.226151 0.147253 0.00823601 0.00150571 4.11836e-05 -6.56118e-08 -6.14282e-06 -7.18245e-06 -6.04907e-06 -4.98566e-06 -3.39126e-06 -3.68436e-06 -3.67726e-06 -8.12665e-07 -3.4605e-07 
0.9 -18.1641 40 -16.877 0.264151 0.183433 0.0128575 0.00247758 8.67921e-05 5.20112e-06 -7.03363e-06 -8.4253e-06 -7.16974e-06 -6.06382e-06 -4.44638e-06 -4.50259e-06 -4.00601e-06 -1.20157e-06 -3.69886e-07 
1 -18.1641 40 -16.877 0.298752 0.221845 0.0190278 0.00388103 0.000166131 1.5291e-05 -7.69643e-06 -9.48148e-06 -8.33637e-06 -6.95766e-06 -5.74466e-06 -4.98748e-06 -4.00157e-06 -1.74013e-06 -3.24559e-07 
1.1 -18.1641 40 -16.877 0.32878 0.261612 0.0269511 0.00583889 0.000296337 3.31448e-05 -7.83909e-06 -1.04031e-05 -9.54021e-06 -7.90478e-06 -6.93226e-06 -5.57928e-06 -4.3507e-06 -2.14397e-06 -4.29731e-07 
1.2 -18.1641 40 -16.877 0.353349 0.301785 0.0367956 0.00849025 0.000500204 6.3516e-05 -7.26338e-06 -1.12311e-05 -1.07388e-05 -9.07892e-06 -8.57167e-06 -6.25405e-06 -5.04479e-06 -2.52707e-06 -5.32188e-07 
1.3 -18.1641 40 -16.877 0.371869 0.341406 0.0486836 0.0119874 0.000806708 0.000112217 -5.30167e-06 -1.17111e-05 -1.16091e-05 -1.00294e-05 -9.22145e-06 -7.16119e-06 -5.31831e-06 -2.97535e-06 -5.78219e-07 
1.4 -18.1641 40 -16.877 0.384054 0.379555 0.0626821 0.0164908 0.00125213 0.000187435 -1.03589e-06 -1.16918e-05 -1.20908e-05 -1.10462e-05 -1.00472e-05 -7.83134e-06 -5.40571e-06 -3.59808e-06 -7.05282e-07 
1.5 -18.1641 40 -16.877 0.389909 0.415401 0.0787975 0.0221627 0.001881 0.000299832 6.66383e-06 -1.09262e-05 -1.21777e-05 -1.21039e-05 -1.07225e-05 -8.61762e-06 -5.24669e-06 -4.09028e-06 -7.71406e-07 
1.6 -18.1641 40 -16.877 0.389712 0.448247 0.0969718 0.0291587 0.0027464 0.000463218 1.92403e-05 -9.23695e-06 -1.19635e-05 -1.28607e-05 -1.11538e-05 -9.29829e-06 -5.04554e-06 -4.72246e-06 -8.48532e-07 
1.7 -18.1641 40 -16.877 0.383988 0.477554 0.117083 0.0376187 0.00391069 0.000695186 3.9323e-05 -6.29047e-06 -1.13902e-05 -1.35561e-05 -1.15112e-05 -9.80081e-06 -4.83383e-06 -5.37764e-06 -1.06935e-06 
1.8 -18.1641 40 -16.877 0.37347 0.50296 0.138952 0.0476577 0.00544557 0.00101741 6.94985e-05 -1.76601e-06 -1.07868e-05 -1.41103e-05 -1.18143e-05 -1.05534e-05 -4.76018e-06 -6.02715e-06 -1.1944e-06 
1.9 -18.1641 40 -16.877 0.359052 0.52428 0.162348 0.0593571 0.0074317 0.00145646 0.000113784 5.07063e-06 -1.03161e-05 -1.48335e-05 -1.2329e-05 -1.14742e-05 -5.05884e-06 -6.71489e-06 -1.4529e-06 
2 -18.1641 40 -16.877 0.341725 0.5415 0.187002 0.0727575 0.00995802 0.00204439 0.000177018 1.46772e-05 -1.02144e-05 -1.55573e-05 -1.33294e-05 -1.25297e-05 -5.90213e-06 -7.38824e-06 -1.83179e-06 
2.1 -18.1641 40 -16.877 0.322523 0.554759 0.212622 0.0878531 0.0131204 0.00281917 0.000266025 2.82781e-05 -1.04383e-05 -1.65122e-05 -1.4682e-05 -1.39102e-05 -7.45972e-06 -7.98625e-06 -2.34009e-06 
2.2 -18.1641 40 -16.877 0.30245 0.564319 0.238905 0.104589 0.0170201 0.00382505 0.000389252 4.75289e-05 -1.11353e-05 -1.80242e-05 -1.6871e-05 -1.57402e-05 -9.63921e-06 -8.65708e-06 -2.86347e-06 
2.3 -18.1641 40 -16.877 0.282431 0.570535 0.265552 0.122864 0.021761 0.00511238 0.000557525 7.4857e-05 -1.20951e-05 -2.0179e-05 -1.9796e-05 -1.80844e-05 -1.26308e-05 -9.42212e-06 -3.46438e-06 
2.4 -18.1641 40 -16.877 0.263259 0.573817 0.292277 0.142528 0.0274474 0.00673768 0.00078445 0.000113391 -1.32943e-05 -2.32647e-05 -2.37566e-05 -2.10859e-05 -1.63143e-05 -1.0335e-05 -4.14615e-06 
2.5 -18.1641 40 -16.877 0.245567 0.574599 0.318817 0.163396 0.0341809 0.00876277 0.00108672 0.00016629 -1.36028e-05 -2.74405e-05 -2.86705e-05 -2.49522e-05 -2.03875e-05 -1.15571e-05 -4.7839e-06 
2.6 -18.1641 40 -16.877 0.229814 0.573301 0.344935 0.18525 0.042056 0.011254 0.00148471 0.000239288 -1.23495e-05 -3.25424e-05 -3.44528e-05 -2.95178e-05 -2.47192e-05 -1.31346e-05 -5.34996e-06 
2.7 -18.1641 40 -16.877 0.216282 0.570313 0.370416 0.207852 0.0511574 0.014281 0.0020029 0.000339082 -8.12962e-06 -3.82533e-05 -4.09902e-05 -3.48507e-05 -2.90251e-05 -1.5044e-05 -5.71348e-06 
2.8 -18.1641 40 -16.877 0.205088 0.565977 0.395069 0.230956 0.0615554 0.0179147 0.00267024 0.000473923 5.33202e-07 -4.40719e-05 -4.80422e-05 -4.06801e-05 -3.30833e-05 -1.70742e-05 -5.82584e-06 
2.9 -18.1641 40 -16.877 0.196203 0.560582 0.418716 0.254317 0.0733028 0.0222258 0.00352045 0.000653899 1.60321e-05 -4.94451e-05 -5.54372e-05 -4.67766e-05 -3.67906e-05 -1.9302e-05 -5.66621e-06 
3 -18.1641 40 -16.877 0.189464 0.554366 0.441189 0.277703 0.0864315 0.0272828 0.00459228 0.000891286 4.11468e-05 -5.34549e-05 -6.27602e-05 -5.30931e-05 -3.95317e-05 -2.1469e-05 -5.38578e-06 
3.1 -18.1641 40 -16.877 0.184602 0.547519 0.462324 0.300903 0.10095 0.0331496 0.00592947 0.00120064 7.93476e-05 -5.49387e-05 -6.93664e-05 -5.85346e-05 -4.20547e-05 -2.30406e-05 -4.95547e-06 
3.2 -18.1641 40 -16.877 0.181261 0.540178 0.481961 0.323734 0.116843 0.0398835 0.00758069 0.00159913 0.000134982 -5.22459e-05 -7.47213e-05 -6.29936e-05 -4.39031e-05 -2.3984e-05 -4.35157e-06 
3.3 -18.1641 40 -16.877 0.179023 0.532426 0.499944 0.346047 0.13407 0.0475335 0.00959923 0.0021067 0.000213452 -4.3636e-05 -7.8091e-05 -6.60957e-05 -4.47004e-05 -2.40276e-05 -3.62693e-06 
3.4 -18.1641 40 -16.877 0.177434 0.52429 0.516122 0.367727 0.152565 0.0561384 0.0120423 0.00274624 0.000321073 -2.70425e-05 -7.86119e-05 -6.74055e-05 -4.44785e-05 -2.3067e-05 -2.80476e-06 
3.5 -18.1641 40 -16.877 0.176033 0.515737 0.530356 0.38869 0.17224 0.0657252 0.0149707 0.00354349 0.000465348 -1.89227e-07 -7.56918e-05 -6.64853e-05 -4.28699e-05 -2.08801e-05 -2.12587e-06 
3.6 -18.1641 40 -16.877 0.174379 0.506674 0.542526 0.408884 0.192985 0.0763084 0.0184471 0.00452719 0.000654808 3.9958e-05 -6.86341e-05 -6.29358e-05 -4.01111e-05 -1.77792e-05 -1.45967e-06 
3.7 -18.1641 40 -16.877 0.172076 0.496963 0.552542 0.428275 0.214673 0.0878897 0.0225359 0.00572886 0.000900323 9.58354e-05 -5.63689e-05 -5.69631e-05 -3.57467e-05 -1.35724e-05 -7.88084e-07 
3.8 -18.1641 40 -16.877 0.168792 0.486435 0.560347 0.446835 0.237161 0.100458 0.0273009 0.0071827 0.00121386 0.000171054 -3.85073e-05 -4.77859e-05 -3.04388e-05 -9.1519e-06 -4.92676e-07 
3.9 -18.1641 40 -16.877 0.164278 0.474914 0.565928 0.464537 0.260296 0.11399 0.0328044 0.00892536 0.00160921 0.000269082 -1.39857e-05 -3.57108e-05 -2.38178e-05 -4.51378e-06 -5.11648e-07 
4 -18.1641 40 -16.877 0.158379 0.462254 0.569307 0.481351 0.283915 0.128451 0.0391056 0.0109953 0.00210245 0.000394122 1.78631e-05 -2.10365e-05 -1.60926e-05 -1.31916e-07 -4.57004e-07 
4.1 -18.1641 43 -16.877 0.151037 0.448388 0.57055 0.49723 0.307848 0.143799 0.0462587 0.0134331 0.00271177 0.000551051 5.78773e-05 -3.61006e-06 -7.77054e-06 3.54068e-06 -7.96672e-07 
4.2 -18.1641 43 -16.877 0.142298 0.43334 0.56975 0.512109 0.331922 0.159983 0.0543118 0.0162805 0.00345787 0.000745557 0.000106853 1.58913e-05 1.02898e-06 6.63233e-06 -1.21155e-06 
4.3 -18.1641 43 -16.877 0.132298 0.417235 0.567029 0.525902 0.355966 0.176949 0.0633049 0.01958 0.00436389 0.000984438 0.000166175 3.74126e-05 9.88098e-06 8.82929e-06 -1.75792e-06 
4.4 -18.1641 44 -16.877 0.12126 0.400284 0.562521 0.538503 0.379805 0.194638 0.0732689 0.0233747 0.00545568 0.00127577 0.000237302 6.07709e-05 1.84435e-05 1.00152e-05 -2.38056e-06 
4.5 -18.1641 45 -16.877 0.109475 0.382766 0.556367 0.549792 0.403264 0.21299 0.0842248 0.0277076 0.00676172 0.00162922 0.000322419 8.61127e-05 2.63336e-05 1.0586e-05 -3.07647e-06 
4.6 -18.1641 47 -16.877 0.0972834 0.365017 0.548702 0.559642 0.426171 0.231944 0.0961826 0.032621 0.00831322 0.00205609 0.000424112 0.000113627 3.36385e-05 1.04654e-05 -3.6634e-06 
4.7 -18.1641 47 -16.877 0.085053 0.347407 0.539653 0.56792 0.448356 0.251441 0.109141 0.0381559 0.010144 0.00256964 0.000545776 0.000143942 4.03032e-05 9.9338e-06 -4.0536e-06 
4.8 -18.1641 47 -16.877 0.0731613 0.330332 0.529331 0.574494 0.469649 0.271418 0.123088 0.0443517 0.0122901 0.00318498 0.000691873 0.000178143 4.65408e-05 9.30459e-06 -4.30597e-06 
4.9 -18.1641 47 -16.877 0.0619793 0.314198 0.517832 0.579245 0.489886 0.29181 0.138001 0.0512453 0.0147901 0.00391936 0.000867939 0.00021777 5.28063e-05 8.83613e-06 -4.12431e-06 
5 -18.1641 47 -16.877 0.051861 0.299409 0.505245 0.582071 0.50891 0.312549 0.153845 0.0588708 0.0176842 0.00479202 0.00108075 0.000264858 5.98232e-05 8.75016e-06 -3.51553e-06 
5.1 -18.1641 48 -16.877 0.0431361 0.286351 0.49166 0.5829 0.526571 0.333558 0.170579 0.0672592 0.0210139 0.00582464 0.00133834 0.000321898 6.83166e-05 9.34568e-06 -2.49248e-06 
5.2 -18.1641 48 -16.877 0.0361044 0.275364 0.477183 0.581693 0.54273 0.35475 0.18815 0.0764376 0.0248218 0.00704056 0.00165051 0.000392177 7.9307e-05 1.07654e-05 -8.88714e-07 
5.3 -18.1641 48 -16.877 0.0310257 0.266689 0.461945 0.578448 0.557262 0.376025 0.206499 0.0864296 0.0291507 0.00846558 0.00202854 0.000479316 9.39513e-05 1.33865e-05 1.20436e-06 
5.4 -18.1641 48 -16.877 0.0281046 0.260412 0.446114 0.573214 0.570051 0.39727 0.225557 0.097254 0.0340427 0.0101274 0.00248538 0.000587732 0.000113604 1.74825e-05 3.71545e-06 
5.5 -18.1641 48 -16.877 0.0274702 0.256448 0.4299 0.566088 0.580998 0.418353 0.24525 0.108926 0.0395391 0.0120558 0.0030357 0.000722383 0.000139669 2.34633e-05 6.54335e-06 
5.6 -18.1641 48 -16.877 0.0291523 0.254575 0.413554 0.557223 0.590019 0.439129 0.265494 0.121455 0.0456791 0.0142824 0.00369581 0.00088901 0.000173823 3.17343e-05 9.5491e-06 
5.7 -18.1641 48 -16.877 0.0330618 0.254483 0.397362 0.546826 0.597048 0.459436 0.286199 0.134846 0.0524995 0.0168403 0.00448367 0.00109408 0.000217974 4.2701e-05 1.26836e-05 
5.8 -18.1641 49 -16.877 0.0389805 0.255808 0.381638 0.535156 0.602037 0.479102 0.307267 0.1491 0.060034 0.0197644 0.00541895 0.00134503 0.000274203 5.69432e-05 1.58089e-05 
5.9 -18.1641 49 -16.877 0.0465649 0.258163 0.366706 0.522514 0.604962 0.497946 0.328592 0.16421 0.0683125 0.0230906 0.00652296 0.00165035 0.000344989 7.50996e-05 1.88502e-05 
6 -18.1641 50 -16.877 0.0553655 0.261154 0.352886 0.509234 0.605819 0.515782 0.35006 0.180164 0.077361 0.0268556 0.00781865 0.00201948 0.000433187 9.77478e-05 2.18918e-05 
6.1 -18.1641 51 -16.877 0.064858 0.264398 0.340476 0.495669 0.604637 0.532424 0.371547 0.196942 0.0872013 0.0310969 0.00933053 0.00246303 0.000542094 0.000125799 2.49454e-05 
6.2 -18.1641 52 -16.877 0.0744822 0.267532 0.329747 0.482175 0.601469 0.547694 0.392924 0.214514 0.0978503 0.0358521 0.0110846 0.00299288 0.00067553 0.000160098 2.82299e-05 
6.3 -18.1641 52 -16.877 0.0836813 0.270225 0.320928 0.469092 0.596403 0.561424 0.414053 0.232841 0.10932 0.0411585 0.0131085 0.00362218 0.00083804 0.000201705 3.20453e-05 
6.4 -18.1641 52 -16.877 0.091936 0.27219 0.314195 0.456733 0.589564 0.573466 0.434788 0.251875 0.121618 0.0470533 0.0154309 0.00436535 0.00103481 0.000252035 3.67889e-05 
6.5 -18.1641 53 -16.877 0.0987912 0.273185 0.30967 0.445359 0.581108 0.583698 0.454976 0.271553 0.134746 0.0535723 0.0180821 0.00523812 0.00127194 0.000312828 4.29423e-05 
6.6 -18.1641 55 -16.877 0.103873 0.273024 0.307412 0.435179 0.571232 0.592026 0.474462 0.291798 0.1487 0.0607508 0.0210934 0.00625769 0.00155638 0.000386266 5.11037e-05 
6.7 -18.1641 56 -16.877 0.106895 0.27158 0.307415 0.426338 0.560166 0.598392 0.493091 0.31252 0.163468 0.0686224 0.0244971 0.00744273 0.00189594 0.000474847 6.18475e-05 
6.8 -18.1641 57 -16.877 0.107664 0.268789 0.309597 0.418917 0.548174 0.602775 0.510706 0.333615 0.179034 0.0772182 0.0283258 0.00881349 0.0022995 0.000581845 7.59593e-05 
6.9 -18.1641 57 -16.877 0.106071 0.264649 0.313805 0.412933 0.535547 0.605192 0.527158 0.354964 0.195373 0.0865677 0.0326131 0.010392 0.00277702 0.000710948 9.42017e-05 
7 -18.1641 57 -16.877 0.102096 0.259221 0.319805 0.40835 0.522602 0.6057 0.542307 0.37643 0.212451 0.0966969 0.0373926 0.0122017 0.00333954 0.000866494 0.000117425 
7.1 -18.1641 58 -16.877 0.095795 0.252628 0.327288 0.40508 0.50967 0.604399 0.556023 0.397866 0.230226 0.107628 0.0426982 0.0142682 0.00399922 0.00105333 0.000146563 
7.2 -18.1641 58 -16.877 0.0873044 0.245048 0.33587 0.402999 0.49709 0.601423 0.568199 0.419113 0.248645 0.11938 0.0485636 0.0166187 0.00476962 0.00127697 0.000182674 
7.3 -18.1641 58 -16.877 0.0768386 0.236706 0.345106 0.401953 0.485195 0.596943 0.578745 0.440007 0.267645 0.131965 0.0550219 0.0192819 0.00566545 0.00154367 0.000226761 
7.4 -18.1641 59 -16.877 0.0646892 0.227855 0.354505 0.401768 0.474301 0.591158 0.587599 0.460375 0.287154 0.14539 0.0621058 0.0222883 0.00670294 0.00186013 0.00028016 
7.5 -18.1641 59 -16.877 0.0512241 0.21877 0.363545 0.402262 0.464696 0.584287 0.594727 0.480046 0.307087 0.159656 0.0698468 0.0256698 0.00789968 0.00223391 0.00034427 
7.6 -18.1641 60 -16.877 0.0368827 0.209723 0.371705 0.403249 0.456624 0.576566 0.600123 0.498849 0.327349 0.174752 0.0782749 0.0294595 0.00927477 0.00267331 0.00042068 
7.7 -18.1641 61 -16.877 0.0221665 0.20097 0.378487 0.404547 0.450279 0.568235 0.603812 0.516626 0.347832 0.190661 0.0874179 0.0336916 0.010849 0.0031876 0.000511212 
7.8 -18.1641 61 -16.877 0.00762386 0.192738 0.383436 0.405985 0.445792 0.559539 0.605848 0.533226 0.368419 0.207355 0.0973013 0.0384011 0.0126445 0.00378701 0.000617982 
7.9 -18.1641 62 -16.877 -0.00617148 0.185208 0.386169 0.407404 0.443226 0.550715 0.606317 0.548519 0.388982 0.224794 0.107947 0.0436238 0.0146854 0.00448306 0.000743369 
8 -18.1641 62 -16.877 -0.0186468 0.178519 0.386381 0.408662 0.442572 0.541985 0.605333 0.562392 0.409388 0.242925 0.119372 0.0493952 0.016997 0.00528846 0.000890178 
8.1 -18.1641 63 -16.877 -0.0292609 0.172762 0.383864 0.409634 0.443746 0.533555 0.603034 0.574757 0.429495 0.261685 0.131589 0.0557511 0.0196064 0.00621753 0.00106151 
8.2 -18.1641 64 -16.877 -0.0375362 0.167991 0.378509 0.410212 0.446595 0.525611 0.599581 0.585552 0.44916 0.280997 0.144603 0.0627265 0.0225422 0.00728612 0.00126083 
8.3 -18.1641 65 -16.877 -0.0430882 0.164224 0.370315 0.410306 0.450896 0.518312 0.595151 0.594744 0.46824 0.300773 0.158415 0.070355 0.0258345 0.00851168 0.00149225 
8.4 -18.1641 66 -16.877 -0.0456517 0.161446 0.359388 0.40984 0.45637 0.511796 0.589937 0.602324 0.486597 0.320912 0.173015 0.0786687 0.0295146 0.00991354 0.00176031 
8.5 -18.1641 66 -16.877 -0.0450995 0.159614 0.345939 0.40875 0.462689 0.50617 0.58414 0.608311 0.5041 0.341301 0.188384 0.0876972 0.033615 0.0115128 0.0020702 
