t=0 enPsi maxBondDim enPhi svn(x) 
0 -42.6959 96 -41.5002 1.21539 0.978555 1.20536 1.11807 1.24203 1.17777 1.26804 1.21011 1.28385 1.22694 1.29133 1.2322 1.29132 1.22693 1.28385 1.21011 1.26805 1.17778 1.24204 1.11808 1.20538 0.978595 1.21541 
0.1 -42.6959 71 -41.5004 0.00320979 0.0029482 -0.000381823 -0.0004988 -0.000485987 -0.000550699 -0.00053776 -0.000604317 -0.00059696 -0.000626443 -0.000593826 -0.000606121 -0.000582174 -0.000602202 -0.000584049 -0.000593346 -0.000526416 -0.00054221 -0.000467293 -0.000485366 -0.000378845 -0.000227712 -1.16047e-05 
0.2 -42.6959 68 -41.4995 0.0125598 0.01231 -0.000498746 -0.000748803 -0.000709292 -0.000793143 -0.000840956 -0.00101377 -0.000937181 -0.000979415 -0.00097334 -0.000988094 -0.000947533 -0.000938682 -0.000856149 -0.000846833 -0.000791137 -0.000769496 -0.000703862 -0.000773406 -0.000580662 -0.000353792 -3.15577e-05 
0.3 -42.6959 68 -41.4993 0.0272383 0.0278627 -0.000458454 -0.000883822 -0.000842437 -0.00100724 -0.000991349 -0.00119227 -0.00111599 -0.0012036 -0.00115725 -0.00116525 -0.00113098 -0.00113618 -0.00105989 -0.0011345 -0.000959667 -0.000929132 -0.000821778 -0.000934697 -0.000693444 -0.000435409 -4.59066e-05 
0.4 -42.6959 68 -41.4991 0.046016 0.0493256 -0.000199547 -0.00101572 -0.00100877 -0.00123203 -0.0011976 -0.00145601 -0.00137794 -0.00148648 -0.00141399 -0.00146904 -0.00140414 -0.00146983 -0.00135672 -0.00140559 -0.00118969 -0.00121538 -0.00100458 -0.00117996 -0.000898659 -0.000564601 -6.82674e-05 
0.5 -42.6959 67 -41.4987 0.0674545 0.0764455 0.000553417 -0.00109109 -0.00125286 -0.00164094 -0.00157687 -0.00184153 -0.0016732 -0.00186454 -0.00176731 -0.00186857 -0.00175525 -0.00184135 -0.00164337 -0.00177489 -0.00156414 -0.00161482 -0.00125077 -0.00150068 -0.00112174 -0.000711148 -9.84253e-05 
0.6 -42.6959 67 -41.4986 0.0900544 0.108852 0.00204764 -0.000963009 -0.00148081 -0.00198001 -0.00185394 -0.00223739 -0.00205187 -0.00225243 -0.00207821 -0.0022435 -0.00206338 -0.00222361 -0.0020143 -0.00216178 -0.00183652 -0.00195053 -0.00149677 -0.00183542 -0.00137573 -0.000908573 -0.000144371 
0.7 -42.6959 64 -41.4984 0.1124 0.146024 0.00452326 -0.00060088 -0.00174299 -0.00238497 -0.00216876 -0.00265125 -0.00238307 -0.00269851 -0.00249919 -0.00271745 -0.00248262 -0.00266666 -0.00234 -0.00257417 -0.00214478 -0.00235274 -0.00182581 -0.00227021 -0.00169245 -0.0011054 -0.000194521 
0.8 -42.6959 64 -41.4983 0.133293 0.187296 0.00832564 0.000175537 -0.00205398 -0.00281898 -0.00250875 -0.00310071 -0.00273571 -0.00315333 -0.0028502 -0.00317177 -0.00283194 -0.00311761 -0.00268495 -0.00302025 -0.00247346 -0.00279851 -0.00215303 -0.00267778 -0.0020274 -0.00131161 -0.000253469 
0.9 -42.6959 64 -41.4983 0.15187 0.231811 0.0137358 0.00154615 -0.00232797 -0.00325467 -0.00285761 -0.00357301 -0.0031049 -0.00364181 -0.00321884 -0.00366526 -0.003199 -0.00360333 -0.00304629 -0.00349176 -0.00280712 -0.00324524 -0.00248541 -0.00307752 -0.00239213 -0.00151241 -0.00031795 
1 -42.6959 64 -41.4983 0.167694 0.278542 0.0210191 0.00369334 -0.00256119 -0.00368395 -0.00321014 -0.00405659 -0.00347977 -0.0041513 -0.00359303 -0.00418459 -0.00357185 -0.00411161 -0.00341416 -0.00397793 -0.00314638 -0.00370718 -0.00285172 -0.0034773 -0.00279336 -0.00171786 -0.000388979 
1.1 -42.6959 64 -41.4983 0.180823 0.326323 0.0303895 0.00681965 -0.00275143 -0.00408644 -0.00356845 -0.00455777 -0.00389898 -0.0046886 -0.00397059 -0.00472278 -0.00394816 -0.00464864 -0.00382694 -0.00448248 -0.00349239 -0.00416675 -0.00325231 -0.00385893 -0.00322685 -0.00192073 -0.000464568 
1.2 -42.6959 64 -41.4981 0.191798 0.373913 0.0419919 0.0111482 -0.00293562 -0.00445961 -0.0039289 -0.00503405 -0.00426483 -0.00523748 -0.00438472 -0.00529986 -0.00436084 -0.00519629 -0.00418521 -0.00496026 -0.00383923 -0.00460705 -0.00373454 -0.00423373 -0.00369543 -0.00211814 -0.000542521 
1.3 -42.6959 64 -41.498 0.201566 0.420072 0.0559067 0.01698 -0.0029488 -0.0047014 -0.0042806 -0.00546078 -0.00460794 -0.00572999 -0.00472133 -0.0058122 -0.0046971 -0.00569122 -0.00452464 -0.00539919 -0.00419243 -0.00502092 -0.00428216 -0.00453531 -0.00417834 -0.00229901 -0.000620299 
1.4 -42.6959 64 -41.498 0.211256 0.463614 0.0721148 0.0245783 -0.00276411 -0.00479208 -0.00463689 -0.00582232 -0.00494622 -0.00617956 -0.00505306 -0.00628707 -0.00502807 -0.00614305 -0.00485915 -0.00577297 -0.00455539 -0.00533602 -0.0048167 -0.00473886 -0.0046629 -0.00245607 -0.00069545 
1.5 -42.6959 64 -41.498 0.221893 0.503493 0.0905069 0.0341907 -0.00232614 -0.00469384 -0.00501159 -0.00609679 -0.00529454 -0.00656404 -0.00539436 -0.0067032 -0.00536856 -0.00653166 -0.00520613 -0.00606674 -0.00495422 -0.00558278 -0.00542072 -0.00485375 -0.00514101 -0.00259416 -0.000765278 
1.6 -42.6959 64 -41.498 0.234148 0.538857 0.11089 0.0460463 -0.00153722 -0.00435968 -0.00541862 -0.00626338 -0.00567378 -0.0068597 -0.00576581 -0.0070364 -0.00573846 -0.00683191 -0.00558424 -0.00625662 -0.00539201 -0.0057074 -0.00606263 -0.00486786 -0.00559472 -0.00271604 -0.000826786 
1.7 -42.6959 64 -41.498 0.248274 0.569098 0.132996 0.060326 -0.000280032 -0.0037434 -0.00587158 -0.00630892 -0.0061102 -0.00704869 -0.00619505 -0.00726819 -0.00616563 -0.00702689 -0.00602102 -0.00633237 -0.00589694 -0.00573607 -0.00675764 -0.0047957 -0.00600882 -0.00283189 -0.000876575 
1.8 -42.6959 64 -41.498 0.264191 0.593883 0.1565 0.0771469 0.00158262 -0.00279981 -0.00637969 -0.00623066 -0.00663051 -0.0071209 -0.00671138 -0.00738626 -0.00667922 -0.00710594 -0.00654277 -0.0062916 -0.00648505 -0.00567646 -0.00749687 -0.00466206 -0.00636795 -0.00295482 -0.000910911 
1.9 -42.6959 64 -41.498 0.28161 0.613171 0.181041 0.09655 0.00420655 -0.0014835 -0.00694355 -0.0060379 -0.0072571 -0.00707798 -0.00734181 -0.00738903 -0.00730609 -0.00706976 -0.0071717 -0.0061449 -0.00716649 -0.0055479 -0.00826648 -0.0045054 -0.00665915 -0.00310045 -0.000926001 
2 -42.6959 64 -41.498 0.300115 0.627201 0.206247 0.118492 0.00776231 0.000253094 -0.00755265 -0.0057532 -0.00800374 -0.00693416 -0.00810546 -0.00728672 -0.00806567 -0.00693247 -0.00792189 -0.00591722 -0.0079439 -0.00538465 -0.00906069 -0.00439351 -0.00687947 -0.00328628 -0.000918541 
2.1 -42.6959 64 -41.498 0.319223 0.636462 0.231763 0.142842 0.0124278 0.00246098 -0.00819279 -0.00544929 -0.00888308 -0.00672098 -0.00901249 -0.00710437 -0.00896731 -0.0067221 -0.00879954 -0.00565849 -0.00881708 -0.00522852 -0.00983654 -0.00434372 -0.00701147 -0.00352321 -0.000886076 
2.2 -42.6959 64 -41.498 0.338413 0.641631 0.257275 0.169389 0.0183862 0.00521377 -0.00880297 -0.00508799 -0.00986327 -0.00646757 -0.010053 -0.0068718 -0.010004 -0.006473 -0.00979252 -0.00540989 -0.00975528 -0.00510798 -0.0105759 -0.00442495 -0.00706079 -0.00382164 -0.000827988 
2.3 -42.6959 64 -41.498 0.357162 0.6435 0.282528 0.197842 0.025807 0.00859022 -0.00933874 -0.00474822 -0.0109304 -0.00622002 -0.0112092 -0.00662992 -0.0111564 -0.00622574 -0.0108708 -0.00518763 -0.0107291 -0.00507285 -0.0112566 -0.00467719 -0.00703162 -0.00418455 -0.000745677 
2.4 -42.6959 64 -41.4979 0.374957 0.642896 0.30734 0.227848 0.0348415 0.0126901 -0.00973364 -0.00446466 -0.0120605 -0.00606287 -0.012462 -0.00642851 -0.0124066 -0.0060672 -0.0120196 -0.00506705 -0.0117139 -0.00516532 -0.0118582 -0.00512737 -0.00693295 -0.00460816 -0.000642761 
2.5 -42.6959 64 -41.4979 0.391316 0.640609 0.331593 0.259001 0.0456099 0.0176346 -0.00991724 -0.00428805 -0.0132016 -0.00595932 -0.0137479 -0.00629299 -0.0136899 -0.00595561 -0.013178 -0.00507739 -0.0126699 -0.00541148 -0.0123628 -0.00578205 -0.00677706 -0.0050812 -0.000524845 
2.6 -42.6959 64 -41.4979 0.405807 0.637365 0.355231 0.290867 0.0581964 0.0235683 -0.00978649 -0.00417423 -0.0143013 -0.00597628 -0.0150289 -0.00626248 -0.014973 -0.00597042 -0.0143257 -0.00529001 -0.0135761 -0.00583707 -0.0127615 -0.00663322 -0.00657941 -0.00558731 -0.000398954 
2.7 -42.6959 64 -41.4979 0.418066 0.633791 0.378228 0.322993 0.0726341 0.0306452 -0.0092431 -0.00409952 -0.0153065 -0.00613045 -0.0162517 -0.00635769 -0.0162019 -0.00612781 -0.0154028 -0.00567015 -0.0143906 -0.00645492 -0.0130507 -0.00765365 -0.00635629 -0.00610528 -0.000272755 
2.8 -42.6959 64 -41.4978 0.427813 0.630411 0.400575 0.354936 0.0888984 0.0390172 -0.00820798 -0.00410007 -0.0161892 -0.00643681 -0.0173692 -0.00659681 -0.0173273 -0.0064412 -0.0163702 -0.00624011 -0.0150865 -0.00726145 -0.013248 -0.00883825 -0.00613421 -0.00661366 -0.000153819 
2.9 -42.6959 64 -41.4978 0.43487 0.627638 0.422259 0.386283 0.106914 0.0488423 -0.00655815 -0.00405377 -0.0168851 -0.00689079 -0.018331 -0.00698444 -0.0183011 -0.0069136 -0.017187 -0.00698109 -0.0156411 -0.00824035 -0.0133315 -0.0100902 -0.0059137 -0.00708729 -4.84858e-05 
3 -42.6959 64 -41.4978 0.43916 0.62579 0.443262 0.416672 0.126545 0.0602579 -0.00420084 -0.00394282 -0.0173683 -0.00748938 -0.0190999 -0.00752442 -0.0190845 -0.00754416 -0.0178236 -0.00788452 -0.0160396 -0.00936947 -0.0133158 -0.0113745 -0.0057132 -0.00750601 3.81639e-05 
3.1 -42.6959 64 -41.4978 0.440705 0.625076 0.463547 0.445802 0.147606 0.0733827 -0.00103149 -0.00369455 -0.0176113 -0.0082237 -0.0196491 -0.00821827 -0.0196538 -0.0083429 -0.01827 -0.00894949 -0.0162914 -0.010639 -0.0132224 -0.0126555 -0.00554868 -0.00785334 0.000102808 
3.2 -42.6959 64 -41.4978 0.439604 0.62558 0.48304 0.473439 0.169867 0.0883028 0.00305149 -0.00322872 -0.0176076 -0.00912056 -0.0199759 -0.00906638 -0.0199973 -0.00930567 -0.0185215 -0.0101554 -0.0164027 -0.0120214 -0.0130632 -0.0138892 -0.00542953 -0.00811593 0.000143942 
3.3 -42.6959 64 -41.4977 0.436016 0.627288 0.501664 0.499423 0.193071 0.105075 0.00815321 -0.00244104 -0.0173286 -0.0100981 -0.0200594 -0.0100497 -0.0201029 -0.0103937 -0.0185768 -0.011474 -0.0163848 -0.0134826 -0.0128496 -0.0150367 -0.0053616 -0.00828467 0.000161686 
3.4 -42.6959 64 -41.4978 0.430134 0.630088 0.519327 0.523663 0.216931 0.12371 0.0143668 -0.00122635 -0.0167783 -0.011148 -0.0199195 -0.0111591 -0.0199885 -0.0115942 -0.0184576 -0.0128807 -0.0162577 -0.014988 -0.0125937 -0.0160661 -0.00534746 -0.00835545 0.000157527 
3.5 -42.6959 64 -41.4978 0.422171 0.633808 0.535945 0.54614 0.241163 0.144175 0.0217764 0.000531513 -0.0159673 -0.0122557 -0.0195908 -0.0123826 -0.0196901 -0.0129027 -0.0182018 -0.0143517 -0.0160464 -0.0165018 -0.0123084 -0.0169529 -0.00538642 -0.00832943 0.000133998 
3.6 -42.6959 64 -41.4977 0.412353 0.638223 0.551428 0.566877 0.265479 0.166386 0.0304519 0.00295912 -0.014905 -0.0133871 -0.0191149 -0.0137019 -0.0192517 -0.0142992 -0.0178529 -0.0158638 -0.0157844 -0.0180093 -0.0120316 -0.0176849 -0.0054759 -0.00821432 9.43299e-05 
3.7 -42.6959 64 -41.4977 0.400921 0.643073 0.565693 0.585941 0.289611 0.190214 0.040447 0.00619142 -0.0135973 -0.0145018 -0.0185389 -0.0150933 -0.0187228 -0.015757 -0.017453 -0.0173846 -0.0154861 -0.019437 -0.011734 -0.0182428 -0.0056079 -0.00802013 4.20698e-05 
3.8 -42.6959 64 -41.4977 0.388132 0.648078 0.578656 0.603431 0.313322 0.215479 0.0517943 0.010366 -0.0120466 -0.0155701 -0.0179171 -0.0165354 -0.0181681 -0.0172937 -0.0170587 -0.0188955 -0.0151844 -0.0207799 -0.0114573 -0.0186306 -0.00577599 -0.00776532 -1.92969e-05 
3.9 -42.6959 64 -41.4977 0.374281 0.652958 0.590246 0.619468 0.336411 0.241959 0.0645066 0.0156248 -0.0102321 -0.0165278 -0.0172857 -0.0179941 -0.0176123 -0.0188071 -0.0166832 -0.0203674 -0.0148971 -0.0220125 -0.0112182 -0.0188539 -0.00597154 -0.00747102 -8.67452e-05 
4 -42.6959 64 -41.4977 0.359708 0.657453 0.600406 0.634193 0.358721 0.269391 0.0785708 0.0221012 -0.00812232 -0.0173276 -0.0166796 -0.0194472 -0.0171052 -0.0203174 -0.0163641 -0.0217843 -0.0146425 -0.0231207 -0.0110348 -0.0189336 -0.00621199 -0.00716869 -0.000158339 
4.1 -42.6959 64 -41.4977 0.344813 0.661355 0.609091 0.647746 0.380136 0.297485 0.0939484 0.029921 -0.00566273 -0.0179037 -0.0161139 -0.0208693 -0.0166713 -0.0218033 -0.0161156 -0.0231313 -0.0144328 -0.0240942 -0.0109219 -0.0188737 -0.0064412 -0.00686735 -0.00023213 
4.2 -42.6959 64 -41.4977 0.33007 0.664509 0.616268 0.660282 0.400595 0.32593 0.110572 0.0391922 -0.00279237 -0.0182146 -0.0155988 -0.0222439 -0.0163262 -0.0232515 -0.0159449 -0.0244001 -0.0142784 -0.0249308 -0.010893 -0.0187035 -0.00667909 -0.00659621 -0.000307964 
4.3 -42.6959 64 -41.4977 0.31602 0.66682 0.621912 0.671943 0.420079 0.354412 0.128346 0.0500032 0.000563782 -0.0182045 -0.0151296 -0.0235578 -0.0160754 -0.0246525 -0.0158535 -0.0255874 -0.0141887 -0.0256324 -0.010958 -0.0184464 -0.00691857 -0.00637335 -0.000385864 
4.4 -42.6959 64 -41.4977 0.303251 0.668245 0.626025 0.682871 0.438601 0.382623 0.147146 0.0624183 0.00448541 -0.0178164 -0.0146954 -0.0248029 -0.0159241 -0.0260157 -0.0158471 -0.0266956 -0.0141744 -0.0262048 -0.0111231 -0.018127 -0.00715322 -0.00621259 -0.000465777 
4.5 -42.6959 64 -41.4977 0.292364 0.668747 0.628629 0.693193 0.456201 0.410276 0.166821 0.0764742 0.00905174 -0.0169902 -0.0142844 -0.0259861 -0.0158708 -0.027316 -0.0159242 -0.0277289 -0.0142471 -0.0266551 -0.0113904 -0.0177686 -0.00737735 -0.00612306 -0.00054691 
4.6 -42.6959 64 -41.4977 0.283914 0.66827 0.629793 0.702994 0.472937 0.437112 0.1872 0.0921765 0.0143376 -0.0156619 -0.0138829 -0.0271034 -0.0159242 -0.0285695 -0.0160988 -0.0286959 -0.0144215 -0.0269928 -0.0117593 -0.0173939 -0.00758617 -0.00610926 -0.000627189 
4.7 -42.6959 64 -41.4977 0.278351 0.666702 0.629633 0.712338 0.488882 0.462914 0.208097 0.109502 0.0204134 -0.0137578 -0.0134683 -0.0281129 -0.0160845 -0.0297751 -0.0163845 -0.0296039 -0.0147129 -0.0272272 -0.0122258 -0.0170238 -0.00777541 -0.00617094 -0.000703019 
4.8 -42.6959 64 -41.4977 0.275956 0.663924 0.628346 0.721267 0.504109 0.487498 0.229314 0.128391 0.0273376 -0.0112043 -0.0130342 -0.0290316 -0.0163719 -0.0309363 -0.0168005 -0.0304622 -0.0151367 -0.0273695 -0.0127837 -0.0166778 -0.00794104 -0.00630325 -0.000769468 
4.9 -42.6959 64 -41.4977 0.276794 0.659858 0.626186 0.729809 0.518699 0.510731 0.250654 0.148753 0.0351632 -0.00791938 -0.0125648 -0.0298439 -0.0168006 -0.0320527 -0.0173632 -0.0312772 -0.015704 -0.0274313 -0.0134233 -0.0163733 -0.00807901 -0.00649656 -0.000820897 
5 -42.6959 64 -41.4977 0.280694 0.654464 0.623436 0.737962 0.532717 0.532515 0.271926 0.170468 0.0439358 -0.00381684 -0.0120368 -0.0305282 -0.0173815 -0.0331221 -0.0180828 -0.0320535 -0.0164189 -0.0274255 -0.0141312 -0.0161246 -0.00818542 -0.00673664 -0.000851886 
5.1 -42.6959 64 -41.4977 0.287251 0.64772 0.620396 0.7457 0.54622 0.552801 0.292955 0.193386 0.0536951 0.00119246 -0.011415 -0.0310569 -0.0181174 -0.0341404 -0.0189594 -0.0327928 -0.0172754 -0.0273655 -0.0148889 -0.0159422 -0.00825671 -0.00700515 -0.000858236 
5.2 -42.6959 64 -41.4977 0.295862 0.639595 0.617356 0.752976 0.559252 0.571579 0.313584 0.217334 0.0644743 0.00719853 -0.0106493 -0.0313963 -0.019 -0.0351019 -0.0199805 -0.0334936 -0.0182561 -0.0272655 -0.0156725 -0.0158315 -0.00828983 -0.00728103 -0.000837787 
5.3 -42.6959 64 -41.4977 0.305777 0.630056 0.61458 0.759717 0.571831 0.588879 0.333685 0.242117 0.0762973 0.0142891 -0.00967284 -0.031508 -0.0200078 -0.0359994 -0.0211213 -0.0341517 -0.0193322 -0.0271394 -0.0164527 -0.0157931 -0.00828254 -0.00754245 -0.000790834 
5.4 -42.6959 64 -41.4977 0.316162 0.619083 0.612303 0.765831 0.583958 0.604768 0.353162 0.267525 0.0891768 0.0225487 -0.00840233 -0.0313492 -0.0211061 -0.036824 -0.0223463 -0.0347596 -0.0204649 -0.0270007 -0.0171959 -0.0158219 -0.00823369 -0.00776926 -0.000720037 
5.5 -42.6959 64 -41.4978 0.326167 0.60667 0.610707 0.771215 0.59561 0.619339 0.371945 0.293331 0.103109 0.0320533 -0.00674111 -0.0308737 -0.0222484 -0.0375657 -0.0236125 -0.0353086 -0.0216082 -0.0268615 -0.0178664 -0.0159082 -0.00814365 -0.00794532 -0.000629872 
5.6 -42.6959 64 -41.4978 0.334978 0.592846 0.609911 0.775757 0.606752 0.632702 0.390001 0.319305 0.11807 0.0428688 -0.00458274 -0.0300318 -0.0233791 -0.0382133 -0.0248735 -0.0357896 -0.0227134 -0.0267314 -0.0184289 -0.0160382 -0.00801475 -0.00806025 -0.000525835 
5.7 -42.6959 64 -41.4978 0.341869 0.577662 0.609948 0.779353 0.617344 0.644981 0.407321 0.345212 0.134013 0.055044 -0.00181727 -0.0287711 -0.0244371 -0.0387555 -0.0260845 -0.0361943 -0.0237334 -0.0266171 -0.018852 -0.0161956 -0.00785167 -0.00811038 -0.000413643 
5.8 -42.6959 64 -41.4978 0.346235 0.561196 0.610788 0.781939 0.627354 0.656299 0.42392 0.370821 0.150864 0.0686093 0.00166362 -0.0270365 -0.0253597 -0.039181 -0.0272061 -0.0365166 -0.0246274 -0.0265217 -0.019112 -0.0163635 -0.00766163 -0.00809854 -0.00029866 
5.9 -42.6959 64 -41.4978 0.347605 0.543554 0.612321 0.783496 0.63677 0.666788 0.439841 0.395913 0.168525 0.0835724 0.00596023 -0.02477 -0.0260871 -0.0394797 -0.0282078 -0.0367546 -0.0253648 -0.0264493 -0.0192035 -0.0165272 -0.00745472 -0.0080334 -0.000185666 
6 -42.6959 64 -41.4978 0.345664 0.52491 0.614364 0.784069 0.645603 0.676553 0.455136 0.420287 0.186875 0.0999145 0.01116 -0.0219119 -0.0265647 -0.0396423 -0.0290698 -0.0369101 -0.0259286 -0.0264055 -0.0191408 -0.0166756 -0.00724328 -0.0079275 -7.89797e-05 
6.1 -42.6959 64 -41.4977 0.340265 0.505525 0.616736 0.783769 0.653891 0.685691 0.469869 0.443763 0.205771 0.117589 0.0173334 -0.0184033 -0.0267461 -0.0396632 -0.0297855 -0.0369945 -0.0263662 -0.0263923 -0.0188883 -0.0167916 -0.00703781 -0.00779248 1.72306e-05 
6.2 -42.6959 64 -41.4977 0.331435 0.485737 0.619105 0.782698 0.661684 0.694278 0.484111 0.46619 0.225057 0.136523 0.0245353 -0.01418 -0.026587 -0.0395245 -0.0303416 -0.0369883 -0.0265756 -0.0263502 -0.0184879 -0.0168649 -0.00685058 -0.00764083 9.8626e-05 
6.3 -42.6959 64 -41.4978 0.319388 0.465919 0.621025 0.78092 0.669011 0.702373 0.497936 0.487445 0.244568 0.156616 0.0327988 -0.00918403 -0.0260548 -0.0392195 -0.0307482 -0.0369084 -0.0266314 -0.0263079 -0.0179729 -0.0168984 -0.00669379 -0.00748509 0.000160622 
6.4 -42.6959 64 -41.4978 0.304521 0.446397 0.622145 0.778498 0.675908 0.71002 0.511415 0.507438 0.264139 0.177746 0.0421392 -0.00335514 -0.0251192 -0.0387327 -0.0310135 -0.0367569 -0.0265523 -0.0262574 -0.0173764 -0.0168949 -0.00657674 -0.00733478 0.000198584 
6.5 -42.6959 64 -41.4978 0.287405 0.42747 0.622063 0.775514 0.682402 0.717258 0.524615 0.526111 0.28361 0.199768 0.0525534 0.00336526 -0.0237538 -0.0380466 -0.0311546 -0.0365641 -0.0263895 -0.0261991 -0.016736 -0.0168643 -0.00650647 -0.0071976 0.000208369 
6.6 -42.6959 64 -41.4977 0.268762 0.409417 0.620368 0.772063 0.688504 0.724123 0.537593 0.543436 0.302836 0.222524 0.0640221 0.0110341 -0.0219318 -0.0371399 -0.0312003 -0.0363556 -0.0261726 -0.0261307 -0.0160864 -0.0168192 -0.00648684 -0.00707852 0.00018705 
6.7 -42.6959 64 -41.4977 0.249418 0.392567 0.616741 0.768219 0.694194 0.73065 0.550399 0.559422 0.321691 0.245848 0.0765175 0.0197152 -0.0196111 -0.0359587 -0.0310884 -0.0360051 -0.0258185 -0.0260278 -0.0154492 -0.0167669 -0.00651746 -0.00697845 0.000133665 
6.8 -42.6959 64 -41.4977 0.230259 0.377277 0.610966 0.764009 0.699413 0.73686 0.563063 0.574107 0.340067 0.269556 0.0899913 0.0294534 -0.0167595 -0.0344784 -0.0308545 -0.0355938 -0.0254089 -0.0259079 -0.0148559 -0.0167283 -0.00659748 -0.00689892 4.98018e-05 
6.9 -42.6959 64 -41.4978 0.212165 0.363885 0.602945 0.759431 0.704082 0.742775 0.57561 0.587553 0.35788 0.293461 0.104386 0.0402912 -0.0133343 -0.0326563 -0.0304906 -0.0351166 -0.0249516 -0.0257761 -0.0143278 -0.0167182 -0.00672228 -0.00683931 -6.01814e-05 
7 -42.6959 64 -41.4978 0.19595 0.352711 0.592732 0.754449 0.708099 0.748408 0.588049 0.59985 0.375069 0.317374 0.119632 0.0522622 -0.0092885 -0.0304449 -0.0299835 -0.034568 -0.0244522 -0.0256389 -0.0138814 -0.016748 -0.00688392 -0.00679875 -0.000189356 
7.1 -42.6959 64 -41.4978 0.182302 0.344036 0.580594 0.748997 0.711342 0.753759 0.600377 0.611106 0.391603 0.341107 0.135647 0.0653897 -0.0045725 -0.0277911 -0.0293157 -0.0339422 -0.023917 -0.0255031 -0.0135289 -0.0168245 -0.00707087 -0.00677691 -0.000328835 
7.2 -42.6959 64 -41.4978 0.171742 0.338055 0.566898 0.742997 0.71368 0.758824 0.612579 0.621442 0.407474 0.364483 0.152338 0.079686 0.000864085 -0.024636 -0.0284661 -0.0332326 -0.0233554 -0.0253745 -0.0132785 -0.0169488 -0.00726808 -0.00677434 -0.000468706 
7.3 -42.6959 64 -41.4978 0.16459 0.334835 0.552096 0.736372 0.714971 0.763577 0.624623 0.630986 0.422695 0.387333 0.169599 0.0951503 0.00706917 -0.0209159 -0.0274121 -0.0324321 -0.022784 -0.025266 -0.013142 -0.0171179 -0.0074582 -0.0067928 -0.000599115 
7.4 -42.6959 64 -41.4978 0.160958 0.334268 0.536729 0.729064 0.715062 0.76798 0.636459 0.639865 0.437302 0.409507 0.187316 0.111769 0.0140862 -0.016561 -0.0261287 -0.0315283 -0.0222141 -0.0251675 -0.0131036 -0.0173168 -0.00762174 -0.00683334 -0.000711335 
7.5 -42.6959 64 -41.4979 0.160756 0.336077 0.521406 0.721053 0.713808 0.772 0.648033 0.648214 0.451354 0.430875 0.205367 0.129513 0.0219503 -0.0115011 -0.0245915 -0.0305111 -0.0216669 -0.0250907 -0.0131664 -0.0175311 -0.00774147 -0.00689729 -0.000798626 
7.6 -42.6959 64 -41.4979 0.163711 0.33984 0.506745 0.712365 0.711081 0.775596 0.659264 0.656138 0.464926 0.45133 0.223629 0.148337 0.0306875 -0.0056664 -0.0227747 -0.0293689 -0.0211579 -0.0250389 -0.0133213 -0.0177403 -0.00780378 -0.00698347 -0.000856779 
7.7 -42.6959 64 -41.4979 0.169392 0.345056 0.49334 0.703054 0.706778 0.778726 0.670054 0.663729 0.478104 0.470782 0.241978 0.168178 0.0403123 0.00100708 -0.0206506 -0.0280903 -0.0206966 -0.0250142 -0.0135558 -0.0179214 -0.00780153 -0.00708738 -0.000884267 
7.8 -42.6959 64 -41.4979 0.177245 0.351204 0.481729 0.693219 0.700848 0.781353 0.680289 0.671063 0.49098 0.489164 0.260292 0.18895 0.0508283 0.00857443 -0.0181896 -0.0266634 -0.020284 -0.0250164 -0.0138546 -0.0180507 -0.00773549 -0.00720082 -0.000882021 
7.9 -42.6959 64 -41.498 0.186631 0.357787 0.472369 0.68299 0.693304 0.783438 0.689852 0.67822 0.503656 0.506429 0.278463 0.210543 0.0622287 0.0170808 -0.0153585 -0.0250732 -0.0199105 -0.0250413 -0.0141999 -0.0181065 -0.00761447 -0.00731242 -0.000852879 
8 -42.6959 64 -41.498 0.196855 0.364311 0.465609 0.672505 0.684225 0.784951 0.698604 0.685249 0.516218 0.522554 0.29639 0.232827 0.074495 0.0265591 -0.0121222 -0.0233006 -0.0195568 -0.025078 -0.0145721 -0.0180711 -0.00745396 -0.00740928 -0.000800872 
8.1 -42.6959 64 -41.498 0.20721 0.370296 0.46167 0.661887 0.673754 0.785846 0.706393 0.692182 0.528739 0.537534 0.313988 0.255646 0.0875971 0.0370314 -0.00844271 -0.0213194 -0.0191945 -0.0251075 -0.0149504 -0.0179328 -0.00727361 -0.00747918 -0.000730508 
8.2 -42.6959 64 -41.498 0.217005 0.375279 0.460642 0.651245 0.662176 0.786095 0.713087 0.699053 0.54128 0.551392 0.331185 0.278833 0.101495 0.0485119 -0.00427932 -0.0190941 -0.018788 -0.0251016 -0.0153138 -0.0176878 -0.00709409 -0.00751284 -0.000646197 
8.3 -42.6959 64 -41.498 0.225607 0.378844 0.462462 0.640673 0.649792 0.785655 0.718547 0.705866 0.553883 0.564172 0.347927 0.302207 0.116136 0.0610072 0.000411257 -0.0165789 -0.0182973 -0.0250247 -0.0156413 -0.0173408 -0.00693393 -0.00750576 -0.00055193 
8.4 -42.6959 64 -41.4981 0.232461 0.380667 0.466933 0.630247 0.636916 0.784492 0.722645 0.712603 0.566566 0.575938 0.364178 0.325585 0.131461 0.0745178 0.00567421 -0.0137172 -0.0176806 -0.0248365 -0.0159121 -0.0169051 -0.00680706 -0.007459 -0.000451252 
8.5 -42.6959 64 -41.4981 0.237122 0.380552 0.473728 0.620006 0.623929 0.782576 0.72528 0.719231 0.579326 0.586775 0.37992 0.348782 0.147399 0.0890379 0.0115552 -0.0104428 -0.0168966 -0.0244952 -0.016106 -0.0164017 -0.00672147 -0.00737877 -0.000347461 
8.6 -42.6959 64 -41.4981 0.239276 0.378402 0.482406 0.609978 0.611273 0.779883 0.726374 0.725692 0.592138 0.59678 0.395153 0.371623 0.163876 0.104555 0.0180987 -0.00668265 -0.0159065 -0.0239611 -0.0162041 -0.0158566 -0.0066793 -0.00727498 -0.00024394 
8.7 -42.6959 64 -41.4981 0.238752 0.374201 0.492524 0.60022 0.599436 0.776391 0.72589 0.731901 0.604947 0.60606 0.409896 0.393937 0.180807 0.121044 0.0253444 -0.00236058 -0.0146758 -0.0232007 -0.0161902 -0.0152982 -0.00667773 -0.00715922 -0.000144452 
8.8 -42.6959 64 -41.4982 0.235527 0.36799 0.503493 0.590788 0.588909 0.772088 0.723833 0.737757 0.617675 0.614726 0.424186 0.41557 0.198107 0.138469 0.0333254 0.00259974 -0.0131753 -0.0221885 -0.0160523 -0.0147542 -0.00671026 -0.0070426 -5.32619e-05 
8.9 -42.6959 64 -41.4982 0.22973 0.359914 0.514626 0.581736 0.580146 0.766974 0.72026 0.743152 0.630217 0.622895 0.438072 0.436382 0.215687 0.156778 0.0420643 0.00827144 -0.0113821 -0.0209083 -0.015784 -0.0142493 -0.0067681 -0.00693415 2.49681e-05 
9 -42.6959 64 -41.4982 0.221636 0.350267 0.525237 0.573145 0.573529 0.761079 0.715278 0.747968 0.642446 0.630672 0.451618 0.456248 0.233451 0.175903 0.0515704 0.014722 -0.00928022 -0.0193523 -0.015386 -0.0138023 -0.00684149 -0.00683993 8.55256e-05 
9.1 -42.6959 64 -41.4982 0.211652 0.339465 0.534659 0.565117 0.569309 0.754448 0.709036 0.752097 0.654214 0.638149 0.46489 0.475065 0.251306 0.19576 0.0618375 0.0220106 -0.00686009 -0.0175187 -0.0148658 -0.0134258 -0.00692082 -0.00676311 0.000124193 
9.2 -42.6959 64 -41.4983 0.200305 0.328032 0.542336 0.557773 0.567602 0.747149 0.701717 0.755451 0.665365 0.645405 0.477961 0.492757 0.269151 0.216254 0.0728443 0.0301867 -0.00411625 -0.0154082 -0.0142367 -0.0131247 -0.00699713 -0.00670452 0.000137872 
9.3 -42.6959 64 -41.4983 0.188213 0.316558 0.547727 0.551228 0.568371 0.739268 0.693541 0.757962 0.675727 0.652497 0.490897 0.509268 0.286889 0.237274 0.0845559 0.0392883 -0.00104462 -0.0130221 -0.0135154 -0.0128962 -0.00706227 -0.00666336 0.000125132 
9.4 -42.6959 64 -41.4983 0.176058 0.305646 0.550357 0.545578 0.571407 0.730913 0.684751 0.759595 0.685132 0.659465 0.503767 0.52457 0.304421 0.258703 0.096927 0.0493411 0.00236156 -0.0103593 -0.0127181 -0.0127295 -0.00710884 -0.00663761 8.65314e-05 
9.5 -42.6959 64 -41.4984 0.164546 0.295831 0.549886 0.540894 0.576353 0.722211 0.675601 0.760344 0.693412 0.666327 0.516626 0.538659 0.321656 0.280411 0.109905 0.0603581 0.00611555 -0.00741472 -0.0118572 -0.0126052 -0.00713004 -0.00662403 2.46456e-05 
9.6 -42.6959 64 -41.4984 0.154366 0.28754 0.546121 0.537211 0.582738 0.713317 0.666367 0.760259 0.70042 0.673084 0.529518 0.551555 0.33851 0.302262 0.123435 0.0723392 0.0102403 -0.00417789 -0.0109382 -0.0124969 -0.00711974 -0.00661795 -5.62254e-05 
9.7 -42.6959 64 -41.4984 0.146138 0.281076 0.539004 0.534476 0.590019 0.70439 0.657323 0.7594 0.706027 0.679716 0.542468 0.563305 0.354913 0.324111 0.13746 0.0852721 0.0147693 -0.00063179 -0.00995829 -0.0123713 -0.00707267 -0.00661287 -0.000150589 
9.8 -42.6959 64 -41.4985 0.140368 0.276618 0.528667 0.532538 0.597641 0.695609 0.648731 0.757826 0.71014 0.686189 0.555485 0.573972 0.370812 0.345812 0.151923 0.0991336 0.0197463 0.00324819 -0.0089067 -0.0121898 -0.00698472 -0.0066004 -0.000252437 
9.9 -42.6959 64 -41.4985 0.137404 0.274208 0.515341 0.531174 0.605072 0.687138 0.640827 0.755605 0.7127 0.692449 0.568553 0.583641 0.386173 0.367211 0.166769 0.113892 0.0252209 0.00749445 -0.007766 -0.0119108 -0.00685345 -0.00657063 -0.000355919 
10 -42.6959 64 -41.4985 0.137405 0.27375 0.499383 0.530106 0.611832 0.679112 0.633817 0.7528 0.713691 0.698434 0.581639 0.592411 0.400984 0.388158 0.181942 0.12951 0.0312443 0.0121486 -0.00651371 -0.0114911 -0.00667849 -0.00651299 -0.000455894 
10.1 -42.6959 64 -41.4986 0.140323 0.275052 0.481363 0.529017 0.61749 0.671627 0.627874 0.749488 0.713144 0.704066 0.594679 0.60039 0.41525 0.408507 0.197382 0.145945 0.0378635 0.0172611 -0.00512434 -0.0108885 -0.0064616 -0.00641758 -0.000548259 
10.2 -42.6959 64 -41.4986 0.1459 0.277881 0.462038 0.527587 0.621679 0.664746 0.623114 0.745735 0.711141 0.709264 0.607586 0.6077 0.428999 0.428123 0.21303 0.163151 0.0451182 0.0228922 -0.0035706 -0.0100638 -0.00620626 -0.00627637 -0.000630028 
10.3 -42.6959 64 -41.4987 0.153693 0.282005 0.442315 0.525564 0.624114 0.658509 0.619577 0.741609 0.707802 0.713948 0.620244 0.614462 0.442267 0.446884 0.228816 0.181077 0.0530365 0.0291082 -0.00182456 -0.0089823 -0.0059168 -0.00608433 -0.000699187 
10.4 -42.6959 64 -41.4987 0.163102 0.28721 0.423182 0.522798 0.62458 0.652941 0.617218 0.737168 0.703285 0.718043 0.632524 0.620802 0.455102 0.464691 0.244668 0.199666 0.0616358 0.0359807 0.000142485 -0.0076144 -0.00559703 -0.00583969 -0.000754401 
10.5 -42.6959 64 -41.4987 0.173426 0.293279 0.405628 0.519274 0.622949 0.648053 0.615918 0.73246 0.697773 0.721485 0.644267 0.62684 0.467557 0.481463 0.26051 0.218854 0.0709215 0.0435813 0.00235976 -0.00593546 -0.00524905 -0.00554358 -0.000794643 
10.6 -42.6959 64 -41.4988 0.18393 0.299973 0.390588 0.515091 0.619169 0.643856 0.615508 0.727515 0.691462 0.724229 0.655313 0.632685 0.479688 0.497147 0.276261 0.238565 0.0808889 0.0519784 0.00485731 -0.00392488 -0.00487226 -0.00519909 -0.000818863 
10.7 -42.6959 64 -41.4988 0.193909 0.306981 0.378849 0.510411 0.61329 0.640351 0.615791 0.722357 0.684568 0.726256 0.665498 0.63842 0.491549 0.511708 0.291845 0.258709 0.0915235 0.0612322 0.00766537 -0.00156493 -0.00446272 -0.00480988 -0.000825768 
10.8 -42.6959 64 -41.4988 0.202742 0.313903 0.370973 0.505398 0.605462 0.637527 0.616559 0.717005 0.677293 0.727569 0.674665 0.644115 0.503198 0.525137 0.307187 0.279185 0.102803 0.0713925 0.0108139 0.00116157 -0.00401257 -0.00437868 -0.000813789 
10.9 -42.6959 64 -41.4989 0.209945 0.320325 0.367267 0.500202 0.595955 0.635351 0.617607 0.711484 0.66983 0.728187 0.682668 0.649804 0.514682 0.537447 0.322222 0.299877 0.114696 0.0824944 0.0143314 0.00427234 -0.00351045 -0.003906 -0.000781232 
11 -42.6959 64 -41.4989 0.215181 0.325866 0.367724 0.494891 0.585157 0.633771 0.618754 0.70583 0.662352 0.728142 0.68938 0.655503 0.526053 0.548668 0.336897 0.320661 0.127161 0.0945571 0.0182441 0.00778688 -0.00294222 -0.00338899 -0.000726626 
11.1 -42.6959 64 -41.499 0.218273 0.33026 0.372063 0.489464 0.573539 0.632709 0.619854 0.700102 0.655014 0.727485 0.694691 0.661189 0.537346 0.558852 0.351171 0.341404 0.14015 0.107582 0.0225761 0.0117259 -0.00229263 -0.00282083 -0.00064918 
11.2 -42.6959 64 -41.499 0.219187 0.333377 0.379752 0.483858 0.561631 0.632056 0.620782 0.694369 0.647935 0.726262 0.698521 0.666815 0.548585 0.568069 0.365014 0.361971 0.153604 0.121552 0.0273489 0.0161115 -0.00154664 -0.00219018 -0.000549317 
11.3 -42.6959 64 -41.4991 0.218021 0.335219 0.390087 0.477967 0.549984 0.631689 0.621445 0.688708 0.641209 0.724529 0.700823 0.672321 0.559781 0.576405 0.378414 0.382228 0.167459 0.136435 0.0325826 0.0209669 -0.000690522 -0.00148111 -0.000429173 
11.4 -42.6959 64 -41.4991 0.214981 0.335917 0.402252 0.471666 0.539104 0.631466 0.621773 0.683205 0.6349 0.722332 0.701581 0.677622 0.570923 0.583959 0.391371 0.40204 0.181642 0.15218 0.038296 0.0263163 0.000287721 -0.000673573 -0.000292934 
11.5 -42.6959 64 -41.4992 0.210361 0.33571 0.415389 0.46484 0.529413 0.631239 0.62172 0.677951 0.629055 0.719719 0.700826 0.682632 0.581986 0.590845 0.403902 0.421279 0.19608 0.168726 0.0445069 0.0321851 0.00139838 0.000255776 -0.00014691 
11.6 -42.6959 64 -41.4992 0.204522 0.334885 0.428623 0.457394 0.521205 0.630858 0.621256 0.673039 0.623701 0.716736 0.698618 0.687249 0.592918 0.597178 0.416034 0.439822 0.210696 0.186 0.0512315 0.0385998 0.00265087 0.00133244 7.3186e-07 
11.7 -42.6959 64 -41.4992 0.197873 0.333698 0.441113 0.449275 0.514651 0.630188 0.62035 0.668551 0.618858 0.71342 0.695061 0.691381 0.603652 0.603074 0.427812 0.457552 0.225414 0.203921 0.0584839 0.0455891 0.00405481 0.00258282 0.000140543 
11.8 -42.6959 64 -41.4993 0.19085 0.332345 0.4522 0.440541 0.509798 0.62911 0.618976 0.664561 0.614537 0.709803 0.690289 0.694936 0.614098 0.60864 0.439287 0.474363 0.24016 0.222405 0.0662743 0.0531837 0.00562147 0.0040331 0.000262655 
11.9 -42.6959 64 -41.4993 0.183901 0.33096 0.461305 0.431353 0.506575 0.627518 0.617108 0.661123 0.610745 0.705911 0.68446 0.697836 0.624152 0.613975 0.450524 0.490164 0.254862 0.241363 0.0746073 0.0614172 0.0073649 0.00570842 0.000357784 
12 -42.6959 64 -41.4994 0.177462 0.329635 0.467923 0.421952 0.504836 0.625315 0.61474 0.658267 0.607492 0.701768 0.677752 0.70002 0.633688 0.61916 0.461583 0.50488 0.269454 0.260701 0.0834794 0.0703239 0.00930219 0.00763222 0.000418264 
12.1 -42.6959 64 -41.4994 0.171925 0.328406 0.471698 0.412659 0.504357 0.622418 0.611893 0.655997 0.604788 0.697401 0.670352 0.701446 0.642576 0.624264 0.472535 0.518461 0.283872 0.280322 0.0928789 0.0799383 0.0114533 0.00982648 0.000438929 
12.2 -42.6959 64 -41.4995 0.16761 0.327292 0.472413 0.403834 0.504845 0.618744 0.608618 0.654287 0.60264 0.692845 0.662458 0.702101 0.650673 0.629326 0.483439 0.530881 0.298058 0.300125 0.102786 0.0902921 0.0138399 0.0123122 0.000417679 
12.3 -42.6959 64 -41.4995 0.164743 0.32631 0.469992 0.395848 0.505988 0.614214 0.604989 0.653078 0.601045 0.688148 0.654267 0.701997 0.657844 0.634368 0.494351 0.542142 0.311962 0.320004 0.113173 0.101413 0.0164836 0.0151107 0.000355652 
12.4 -42.6959 64 -41.4996 0.163432 0.325495 0.464516 0.389062 0.507479 0.608759 0.601092 0.652289 0.599989 0.683366 0.645973 0.70117 0.66396 0.639379 0.505316 0.552274 0.325541 0.339851 0.124008 0.11332 0.0194051 0.0182448 0.000257039 
12.5 -42.6959 64 -41.4996 0.163663 0.324905 0.456211 0.383777 0.509028 0.602323 0.597021 0.651832 0.599441 0.678553 0.637751 0.699681 0.668905 0.644321 0.516366 0.561339 0.338762 0.359555 0.135254 0.126026 0.0226224 0.0217393 0.000128601 
12.6 -42.6959 64 -41.4997 0.165305 0.324655 0.445448 0.380235 0.510383 0.594874 0.592865 0.65161 0.599366 0.673776 0.629761 0.697615 0.672591 0.649139 0.527518 0.569417 0.351604 0.379005 0.146869 0.13953 0.0261504 0.025621 -2.0973e-05 
12.7 -42.6959 64 -41.4998 0.168122 0.324868 0.432724 0.378579 0.511328 0.58641 0.588698 0.651525 0.599707 0.669096 0.622128 0.695069 0.674959 0.653767 0.538774 0.576598 0.364055 0.398088 0.158808 0.153824 0.0300015 0.0299183 -0.000181772 
12.8 -42.6959 64 -41.4998 0.171809 0.32566 0.418656 0.378839 0.511698 0.577017 0.58458 0.651483 0.600393 0.664574 0.614955 0.69215 0.675986 0.658123 0.55011 0.582979 0.376118 0.416694 0.171023 0.168883 0.0341849 0.0346599 -0.000343335 
12.9 -42.6959 64 -41.4999 0.176011 0.327076 0.403946 0.38092 0.511369 0.566863 0.580562 0.651396 0.601332 0.660269 0.60831 0.688961 0.675677 0.662128 0.561487 0.588672 0.387809 0.434717 0.183463 0.184672 0.0387079 0.0398742 -0.000495263 
13 -42.6959 64 -41.4999 0.18036 0.329102 0.389378 0.384625 0.510227 0.556204 0.576675 0.651173 0.602422 0.656237 0.60224 0.685616 0.674076 0.665702 0.572832 0.593786 0.399156 0.452055 0.196072 0.201146 0.0435747 0.0455876 -0.000627797 
13.1 -42.6959 64 -41.5 0.184499 0.331656 0.375758 0.389655 0.508185 0.545374 0.572935 0.650731 0.603552 0.652528 0.596774 0.682213 0.67125 0.668773 0.584053 0.59844 0.410199 0.468613 0.208795 0.218244 0.048787 0.0518238 -0.000732423 
13.2 -42.6959 64 -41.5001 0.188111 0.334609 0.363884 0.395652 0.505201 0.534754 0.569356 0.649992 0.604613 0.649174 0.591906 0.678824 0.667292 0.671282 0.595026 0.602739 0.420982 0.484302 0.221571 0.235896 0.0543427 0.0586024 -0.000802468 
13.3 -42.6959 64 -41.5001 0.19094 0.337772 0.354473 0.402218 0.501277 0.524707 0.565908 0.648876 0.605506 0.646201 0.587625 0.675505 0.662315 0.673194 0.605617 0.606792 0.431561 0.499046 0.234344 0.25402 0.0602367 0.0659391 -0.000833644 
13.4 -42.6959 64 -41.5002 0.192818 0.340904 0.348058 0.40894 0.496477 0.515565 0.562546 0.647307 0.60615 0.643618 0.58391 0.672288 0.65645 0.674484 0.615677 0.61069 0.441996 0.512786 0.247054 0.272527 0.0664603 0.0738452 -0.000824448 
13.5 -42.6959 64 -41.5002 0.193668 0.343733 0.344945 0.415419 0.490924 0.50761 0.559235 0.645225 0.606488 0.641421 0.580736 0.669187 0.649844 0.675153 0.625049 0.61451 0.452351 0.525474 0.259648 0.29132 0.0730017 0.0823276 -0.000776373 
13.6 -42.6959 64 -41.5003 0.193511 0.345971 0.345185 0.421283 0.484806 0.501038 0.555926 0.64259 0.606477 0.63959 0.57808 0.666192 0.642659 0.675231 0.633583 0.618315 0.462691 0.537085 0.272075 0.310296 0.0798465 0.0913888 -0.000693821 
13.7 -42.6959 64 -41.5004 0.192456 0.347367 0.348582 0.426209 0.478363 0.495957 0.552588 0.639399 0.606085 0.638087 0.575917 0.663279 0.635055 0.674768 0.641129 0.622137 0.473072 0.547612 0.28429 0.329346 0.0869779 0.101027 -0.000583691 
13.8 -42.6959 64 -41.5004 0.19067 0.347728 0.35472 0.429935 0.471861 0.492355 0.549185 0.635688 0.605294 0.636875 0.574226 0.660415 0.62719 0.673832 0.647554 0.625974 0.48354 0.557066 0.296252 0.348358 0.0943771 0.111236 -0.000454643 
13.9 -42.6959 64 -41.5005 0.188351 0.346932 0.363018 0.43228 0.46555 0.490099 0.545673 0.631544 0.604095 0.635915 0.572992 0.657565 0.619213 0.672503 0.652738 0.629802 0.49413 0.565479 0.307927 0.36722 0.102024 0.122007 -0.000316178 
14 -42.6959 64 -41.5005 0.185698 0.344947 0.372804 0.43315 0.459651 0.488953 0.542024 0.627094 0.602484 0.63517 0.572194 0.654681 0.611265 0.670867 0.65659 0.633578 0.504857 0.572895 0.319287 0.385817 0.109897 0.133325 -0.000177728 
14.1 -42.6959 64 -41.5006 0.182884 0.341859 0.383342 0.432533 0.454361 0.488594 0.538221 0.6225 0.600459 0.634609 0.571806 0.651718 0.60345 0.669002 0.659046 0.637241 0.515718 0.579372 0.330305 0.404035 0.117969 0.145174 -4.79002e-05 
14.2 -42.6959 64 -41.5007 0.180032 0.337875 0.393883 0.430489 0.449862 0.488665 0.534268 0.617943 0.598036 0.6342 0.571798 0.64865 0.595852 0.666984 0.660078 0.640714 0.526686 0.584981 0.340974 0.42177 0.126211 0.157532 6.59939e-05 
14.3 -42.6959 64 -41.5008 0.177212 0.333285 0.403693 0.427157 0.4463 0.488783 0.530172 0.613596 0.59523 0.633905 0.572118 0.64545 0.588532 0.664869 0.659678 0.643913 0.537714 0.589805 0.351296 0.438922 0.13459 0.170379 0.00015806 
14.4 -42.6959 64 -41.5008 0.174449 0.32838 0.4121 0.42274 0.443765 0.488582 0.525947 0.609599 0.592069 0.633689 0.572715 0.642113 0.581532 0.662706 0.657878 0.646753 0.548732 0.593934 0.361281 0.455396 0.143066 0.183689 0.000223676 
14.5 -42.6959 64 -41.5009 0.171728 0.323385 0.418567 0.417503 0.442282 0.487742 0.521609 0.606031 0.588582 0.633512 0.573532 0.638644 0.574882 0.660526 0.654731 0.649146 0.559641 0.597466 0.370954 0.471104 0.151599 0.197437 0.000259169 
14.6 -42.6959 64 -41.501 0.16903 0.318448 0.422724 0.411764 0.441817 0.486023 0.517184 0.602907 0.584815 0.633339 0.574519 0.63506 0.568604 0.658341 0.650318 0.651031 0.570337 0.600503 0.380355 0.485964 0.160141 0.211591 0.000261462 
14.7 -42.6959 64 -41.5011 0.166333 0.313653 0.424445 0.405879 0.442283 0.483274 0.512694 0.600151 0.580806 0.633129 0.575634 0.631386 0.562712 0.656144 0.644731 0.652341 0.580685 0.603144 0.389534 0.499903 0.168647 0.22612 0.000227803 
14.8 -42.6959 64 -41.5011 0.163637 0.309058 0.423713 0.400221 0.443553 0.479434 0.508175 0.597614 0.576601 0.632847 0.576836 0.627647 0.557217 0.653909 0.638089 0.653037 0.590538 0.605482 0.398555 0.512856 0.177069 0.240982 0.000155575 
14.9 -42.6959 64 -41.5012 0.160969 0.304734 0.420638 0.395197 0.445462 0.474536 0.503673 0.595091 0.57224 0.632465 0.578097 0.623879 0.552138 0.651599 0.630527 0.653106 0.599745 0.607597 0.407492 0.524768 0.185364 0.256131 4.23051e-05 
15 -42.6959 64 -41.5013 0.15839 0.300753 0.415448 0.391218 0.447811 0.468689 0.499249 0.592349 0.567758 0.631961 0.57938 0.620116 0.547493 0.649165 0.622191 0.652548 0.608135 0.609554 0.41642 0.535596 0.193493 0.271507 -0.000114209 
15.1 -42.6959 64 -41.5014 0.155992 0.297231 0.408454 0.388647 0.450372 0.46208 0.49499 0.58915 0.563173 0.631329 0.580653 0.616406 0.543314 0.646547 0.613229 0.651394 0.61555 0.611397 0.425419 0.545315 0.201422 0.287041 -0.0003158 
15.2 -42.6959 64 -41.5015 0.153886 0.294304 0.400011 0.38775 0.452909 0.454964 0.490989 0.585284 0.55849 0.630562 0.581871 0.612805 0.539639 0.643691 0.603801 0.649686 0.621834 0.61315 0.434556 0.553907 0.209122 0.302652 -0.000563876 
