t=0 enPsi maxBondDim enPhi svn(x) 
0 -71.8598 26 -71.1826 0.249845 0.202 0.203521 0.20301 0.203026 0.20302 0.20302 0.20302 0.20302 0.20302 0.20302 0.20302 0.20302 0.20302 0.20302 0.20302 0.20302 0.20302 0.203026 0.20301 0.203521 0.202 0.249845 
0.1 -71.8598 26 -71.1827 -3.76309e-07 -7.94846e-07 -1.02944e-06 -9.35599e-07 -8.62834e-07 -8.62962e-07 -8.78904e-07 -8.25025e-07 1.27108e-06 0.000347732 0.0179801 0.01798 0.00034765 1.3203e-06 -8.50926e-07 -8.82285e-07 -8.85124e-07 -8.84666e-07 -8.9169e-07 -9.55703e-07 -1.0594e-06 -8.34056e-07 -4.06288e-07 
0.2 -71.8598 26 -71.1827 -4.79103e-07 -1.22933e-06 -1.65123e-06 -1.58073e-06 -1.47612e-06 -1.47765e-06 -1.5042e-06 -9.62136e-07 3.23509e-05 0.00137588 0.0637072 0.0637069 0.00137538 3.23299e-05 -9.88626e-07 -1.50118e-06 -1.513e-06 -1.51292e-06 -1.52218e-06 -1.61805e-06 -1.71348e-06 -1.34361e-06 -5.80597e-07 
0.3 -71.8598 26 -71.1827 -6.70972e-07 -1.91726e-06 -2.61064e-06 -2.60664e-06 -2.45565e-06 -2.45584e-06 -2.44334e-06 4.94453e-08 0.000164124 0.00303092 0.122272 0.122271 0.00302995 0.00016391 8.72808e-08 -2.41932e-06 -2.49727e-06 -2.49894e-06 -2.50868e-06 -2.66542e-06 -2.70565e-06 -2.13507e-06 -8.74571e-07 
0.4 -71.8598 26 -71.1827 -9.61466e-07 -2.78515e-06 -3.78851e-06 -3.91412e-06 -3.71232e-06 -3.70674e-06 -3.426e-06 3.88826e-06 0.000500822 0.00521778 0.181491 0.181491 0.0052163 0.000500244 4.05276e-06 -3.36076e-06 -3.74624e-06 -3.75309e-06 -3.76076e-06 -3.99586e-06 -3.90796e-06 -3.12289e-06 -1.27771e-06 
0.5 -71.8598 26 -71.1827 -1.34141e-06 -3.70955e-06 -5.03733e-06 -5.3405e-06 -5.09893e-06 -5.07959e-06 -3.86367e-06 1.24843e-05 0.00115508 0.00779547 0.233212 0.233214 0.00779352 0.00115422 1.27903e-05 -3.73572e-06 -5.10892e-06 -5.13037e-06 -5.13291e-06 -5.44398e-06 -5.15947e-06 -4.16371e-06 -1.76158e-06 
0.6 -71.8598 26 -71.1827 -1.77172e-06 -4.51943e-06 -6.1771e-06 -6.65625e-06 -6.39949e-06 -6.35183e-06 -2.72402e-06 2.7606e-05 0.00221434 0.010582 0.272555 0.272557 0.0105796 0.00221368 2.79861e-05 -2.51245e-06 -6.36075e-06 -6.41512e-06 -6.41006e-06 -6.7734e-06 -6.26799e-06 -5.0618e-06 -2.29069e-06 
0.7 -71.8598 26 -71.1827 -2.18292e-06 -5.03393e-06 -7.00229e-06 -7.59538e-06 -7.34916e-06 -7.24853e-06 1.4962e-06 5.04114e-05 0.0037037 0.0133732 0.296793 0.296796 0.0133716 0.00370425 5.07173e-05 1.80508e-06 -7.22815e-06 -7.34549e-06 -7.33444e-06 -7.71304e-06 -7.03029e-06 -5.61061e-06 -2.78219e-06 
0.8 -71.8598 26 -71.1827 -2.48929e-06 -5.11881e-06 -7.31578e-06 -7.9223e-06 -7.69455e-06 -7.5051e-06 1.06318e-05 8.10417e-05 0.00555643 0.0159811 0.304334 0.304337 0.0159807 0.00555924 8.11067e-05 1.10395e-05 -7.45179e-06 -7.6719e-06 -7.66489e-06 -8.02609e-06 -7.26793e-06 -5.65932e-06 -3.13156e-06 
0.9 -71.8598 26 -71.1827 -2.61307e-06 -4.7426e-06 -6.99762e-06 -7.51483e-06 -7.28141e-06 -6.96056e-06 2.65071e-05 0.000118449 0.00760326 0.0182806 0.294238 0.294242 0.0182805 0.00760871 0.000118184 2.70223e-05 -6.87701e-06 -7.24222e-06 -7.2639e-06 -7.59227e-06 -6.88543e-06 -5.18006e-06 -3.24452e-06 
1 -71.8598 26 -71.1827 -2.5095e-06 -3.99753e-06 -6.06559e-06 -6.41603e-06 -6.11846e-06 -5.63119e-06 5.04338e-05 0.000160311 0.00958666 0.0202416 0.266456 0.266461 0.0202404 0.00959409 0.000160033 5.11226e-05 -5.5272e-06 -6.06734e-06 -6.16404e-06 -6.46211e-06 -5.92042e-06 -4.29232e-06 -3.06993e-06 
1.1 -71.8598 26 -71.1827 -2.184e-06 -3.06595e-06 -4.6872e-06 -4.83073e-06 -4.38317e-06 -3.7213e-06 8.2672e-05 0.000203957 0.0112002 0.0219257 0.222632 0.22264 0.0219209 0.0112074 0.000204243 8.37051e-05 -3.61204e-06 -4.32457e-06 -4.56957e-06 -4.84693e-06 -4.54578e-06 -3.21917e-06 -2.62191e-06 
1.2 -71.8598 26 -71.1827 -1.69451e-06 -2.15443e-06 -3.13949e-06 -3.07426e-06 -2.37284e-06 -1.57651e-06 0.000121983 0.000247043 0.0121434 0.0234415 0.167192 0.167205 0.0234303 0.0121477 0.000248857 0.000123598 -1.47962e-06 -2.30988e-06 -2.80691e-06 -3.06793e-06 -3.03567e-06 -2.20507e-06 -1.9826e-06 
1.3 -71.8598 26 -71.1827 -1.13857e-06 -1.42695e-06 -1.7315e-06 -1.49764e-06 -4.25275e-07 4.04282e-07 0.000165331 0.000288553 0.0121835 0.0248871 0.108401 0.108422 0.0248663 0.0121825 0.000292401 0.000167756 4.64175e-07 -3.62558e-07 -1.2427e-06 -1.48106e-06 -1.69212e-06 -1.43371e-06 -1.28232e-06 
1.4 -71.8598 26 -71.1827 -6.29457e-07 -9.7305e-07 -7.29888e-07 -4.14264e-07 1.16026e-06 1.86551e-06 0.00020787 0.000329264 0.0112122 0.0263164 0.0588597 0.0588838 0.0262834 0.0112042 0.000335634 0.00021122 1.86898e-06 1.2232e-06 -1.91632e-07 -3.97682e-07 -7.68173e-07 -9.92133e-07 -6.63726e-07 
1.5 -71.8598 26 -71.1827 -2.67422e-07 -8.19967e-07 -3.13021e-07 -3.55963e-08 2.18294e-06 2.58019e-06 0.000243286 0.00037174 0.00928829 0.0277541 0.0335908 0.033605 0.0277073 0.00927259 0.000380679 0.000247419 2.50454e-06 2.24498e-06 1.42647e-07 -3.21004e-08 -4.28895e-07 -8.94157e-07 -2.49269e-07 
1.6 -71.8598 26 -71.1827 -1.14215e-07 -9.56431e-07 -5.45268e-07 -4.2395e-07 2.57071e-06 2.5081e-06 0.000264584 0.000419474 0.00665834 0.0292419 0.0419704 0.0419609 0.0291833 0.00663521 0.000430654 0.000269068 2.33289e-06 2.63066e-06 -2.87096e-07 -4.44488e-07 -7.2111e-07 -1.10889e-06 -1.08648e-07 
1.7 -71.8598 26 -71.1827 -1.78443e-07 -1.34536e-06 -1.37036e-06 -1.48125e-06 2.37034e-06 1.80911e-06 0.000265252 0.000475958 0.00374814 0.0308679 0.0800085 0.0799734 0.0308032 0.00371855 0.000488577 0.000269444 1.51937e-06 2.42838e-06 -1.3723e-06 -1.53011e-06 -1.5728e-06 -1.58124e-06 -2.41274e-07 
1.8 -71.8598 26 -71.1827 -4.16741e-07 -1.93035e-06 -2.62661e-06 -2.97622e-06 1.7094e-06 8.11436e-07 0.000240715 0.000543604 0.00111966 0.0327358 0.135843 0.135793 0.0326738 0.00108572 0.000556211 0.00024384 3.98461e-07 1.76305e-06 -2.8855e-06 -3.05077e-06 -2.82041e-06 -2.24201e-06 -5.83278e-07 
1.9 -71.8598 26 -71.1827 -7.51086e-07 -2.63881e-06 -4.07468e-06 -4.59923e-06 7.50571e-07 -5.29345e-08 0.000189857 0.000623223 -0.000608811 0.0348878 0.196953 0.196908 0.034836 -0.000642384 0.000633952 0.000191484 -5.77238e-07 8.02663e-07 -4.52002e-06 -4.68389e-06 -4.23068e-06 -3.00942e-06 -1.029e-06 
2 -71.8598 26 -71.1827 -1.09565e-06 -3.3812e-06 -5.43694e-06 -6.03624e-06 -3.56378e-07 -3.42902e-07 0.000116324 0.000714273 -0.000870297 0.0372462 0.253037 0.253009 0.0372067 -0.000897688 0.000719452 0.000115848 -9.88971e-07 -3.11669e-07 -5.97287e-06 -6.12033e-06 -5.55033e-06 -3.79845e-06 -1.47084e-06 
2.1 -71.8598 27 -71.1827 -1.3843e-06 -4.05279e-06 -6.45498e-06 -7.03521e-06 -1.51138e-06 2.86713e-07 2.92677e-05 0.000815624 0.000729734 0.0396291 0.297341 0.297334 0.0395965 0.000711975 0.000811776 2.65856e-05 -4.77695e-07 -1.4777e-06 -6.97222e-06 -7.10216e-06 -6.52659e-06 -4.50229e-06 -1.82377e-06 
2.2 -71.8598 27 -71.1827 -1.5894e-06 -4.5518e-06 -6.95904e-06 -7.45325e-06 -2.68762e-06 1.98534e-06 -5.67588e-05 0.000926451 0.00430947 0.0418411 0.326486 0.3265 0.0418038 0.00430025 0.000911137 -6.14727e-05 1.11027e-06 -2.65833e-06 -7.34367e-06 -7.48159e-06 -6.9824e-06 -5.007e-06 -2.05058e-06 
2.3 -71.8598 27 -71.1827 -1.71087e-06 -4.766e-06 -6.86179e-06 -7.2242e-06 -3.87672e-06 4.69597e-06 -0.000122884 0.00104725 0.00965636 0.0438 0.338975 0.339 0.0437432 0.00964842 0.00102043 -0.000129321 3.68084e-06 -3.86103e-06 -7.02807e-06 -7.21737e-06 -6.84596e-06 -5.20337e-06 -2.15947e-06 
2.4 -71.8598 27 -71.1827 -1.77275e-06 -4.62762e-06 -6.20167e-06 -6.39967e-06 -5.10207e-06 8.10521e-06 -0.000148208 0.00118038 0.0162367 0.0456327 0.333885 0.333908 0.0455475 0.0162172 0.00114553 -0.000156071 6.89476e-06 -5.11461e-06 -6.10068e-06 -6.37855e-06 -6.16215e-06 -5.01393e-06 -2.18721e-06 
2.5 -71.8598 27 -71.1827 -1.80276e-06 -4.13711e-06 -5.11851e-06 -5.1414e-06 -6.36654e-06 1.17018e-05 -0.000112957 0.00133005 0.0232667 0.0476714 0.310821 0.310833 0.0475551 0.02322 0.00129426 -0.000121636 1.02158e-05 -6.42577e-06 -4.76488e-06 -5.14409e-06 -5.07802e-06 -4.43741e-06 -2.1796e-06 
2.6 -71.8598 27 -71.1827 -1.8194e-06 -3.39242e-06 -3.83604e-06 -3.71444e-06 -7.60421e-06 1.48875e-05 -2.20883e-06 0.00150209 0.0298278 0.0502993 0.270962 0.27096 0.0501493 0.0297404 0.00147478 -1.11273e-05 1.30412e-05 -7.73253e-06 -3.31768e-06 -3.78931e-06 -3.81631e-06 -3.58574e-06 -2.16937e-06 
2.7 -71.8598 27 -71.1827 -1.82728e-06 -2.57681e-06 -2.63188e-06 -2.43958e-06 -8.62251e-06 1.71552e-05 0.000190365 0.00170342 0.0350027 0.0536879 0.218484 0.218463 0.053501 0.0348662 0.00169354 0.000181914 1.48867e-05 -8.83614e-06 -2.08189e-06 -2.63318e-06 -2.64126e-06 -2.67065e-06 -2.16668e-06 
2.8 -71.8598 28 -71.1827 -1.81975e-06 -1.89039e-06 -1.78075e-06 -1.60199e-06 -9.05271e-06 1.83e-05 0.000459359 0.00194114 0.0380096 0.0576256 0.161607 0.161565 0.0574015 0.037822 0.00195435 0.000452016 1.56014e-05 -9.35454e-06 -1.31485e-06 -1.94548e-06 -1.80672e-06 -1.92373e-06 -2.16085e-06 
2.9 -71.8598 28 -71.1827 -1.82428e-06 -1.59901e-06 -1.61814e-06 -1.39748e-06 -8.35302e-06 1.85867e-05 0.000785774 0.00222075 0.0383232 0.0616009 0.112657 0.112596 0.0613497 0.038088 0.00225697 0.000779849 1.55219e-05 -8.71976e-06 -1.13074e-06 -1.8896e-06 -1.62845e-06 -1.62749e-06 -2.16715e-06 
3 -71.8598 29 -71.1827 -1.74366e-06 -1.48901e-06 -1.92429e-06 -1.69205e-06 -5.85821e-06 1.88318e-05 0.0011371 0.00254405 0.0357727 0.0650708 0.0860342 0.0859655 0.064813 0.0354989 0.00259649 0.00113243 1.55317e-05 -6.25014e-06 -1.4542e-06 -2.30217e-06 -1.893e-06 -1.57771e-06 -2.08617e-06 
3.1 -71.8598 29 -71.1827 -1.61892e-06 -1.62128e-06 -2.70135e-06 -2.32773e-06 -9.90769e-07 2.02546e-05 0.00146976 0.00290651 0.0306185 0.0676842 0.0915882 0.0915162 0.0674399 0.0303214 0.00296223 0.00146568 1.68995e-05 -1.34773e-06 -2.09044e-06 -2.99538e-06 -2.61473e-06 -1.80305e-06 -1.94236e-06 
3.2 -71.8598 30 -71.1827 -1.44809e-06 -1.85755e-06 -3.65223e-06 -3.03652e-06 6.53544e-06 2.42222e-05 0.00173425 0.00329493 0.0236023 0.0693077 0.126361 0.126289 0.0690888 0.0233017 0.00333758 0.00172963 2.10154e-05 6.27764e-06 -2.79742e-06 -3.67812e-06 -3.52115e-06 -2.14097e-06 -1.73853e-06 
3.3 -71.8598 30 -71.1827 -1.24208e-06 -2.11824e-06 -4.44787e-06 -3.62133e-06 1.64847e-05 3.18581e-05 0.0018829 0.00368813 0.0159397 0.0698909 0.177577 0.177524 0.0696973 0.0156563 0.00370129 0.00187638 2.89889e-05 1.63761e-05 -3.39658e-06 -4.13924e-06 -4.30579e-06 -2.49209e-06 -1.49677e-06 
3.4 -71.8598 30 -71.1827 -1.02399e-06 -2.41757e-06 -4.84989e-06 -4.02526e-06 2.79791e-05 4.36866e-05 0.001879 0.00405937 0.00920631 0.0693321 0.232254 0.232225 0.0691541 0.00895804 0.00403133 0.00186941 4.13165e-05 2.80405e-05 -3.82725e-06 -4.32558e-06 -4.75251e-06 -2.86255e-06 -1.25309e-06 
3.5 -71.8598 30 -71.1827 -8.31181e-07 -2.84061e-06 -4.81449e-06 -4.33684e-06 3.95085e-05 5.93652e-05 0.00170653 0.00438355 0.00506231 0.0674941 0.281464 0.281446 0.0673173 0.00485933 0.00431095 0.00169337 5.76035e-05 3.97242e-05 -4.14957e-06 -4.35162e-06 -4.83708e-06 -3.33374e-06 -1.05452e-06 
3.6 -71.8598 31 -71.1827 -7.09242e-07 -3.46001e-06 -4.48905e-06 -4.69168e-06 4.9135e-05 7.76436e-05 0.00137818 0.00464507 0.00482764 0.0643719 0.320471 0.320443 0.0641809 0.00466949 0.00453449 0.00136179 7.65024e-05 4.9446e-05 -4.46265e-06 -4.40265e-06 -4.71891e-06 -3.97132e-06 -9.46812e-07 
3.7 -71.8598 33 -71.1827 -7.03305e-07 -4.25977e-06 -4.12176e-06 -5.14925e-06 5.48282e-05 9.65453e-05 0.000939718 0.00484361 0.00906608 0.060353 0.347047 0.34699 0.0601384 0.0089421 0.00471128 0.000921437 9.59182e-05 5.51359e-05 -4.80788e-06 -4.60647e-06 -4.64029e-06 -4.74679e-06 -9.66312e-07 
3.8 -71.8598 33 -71.1827 -8.44507e-07 -5.0957e-06 -3.92216e-06 -5.6124e-06 5.48678e-05 0.000113758 0.000468776 0.00499578 0.0174076 0.0564432 0.359333 0.359242 0.0562084 0.0173014 0.00486449 0.000450719 0.000113333 5.50512e-05 -5.10803e-06 -4.94325e-06 -4.78389e-06 -5.50827e-06 -1.13019e-06 
3.9 -71.8598 33 -71.1827 -1.13847e-06 -5.72098e-06 -3.96746e-06 -5.85639e-06 4.82287e-05 0.00012716 6.70568e-05 0.00513163 0.0286904 0.054229 0.355081 0.354965 0.0539881 0.0285852 0.00502582 5.14469e-05 0.000126369 4.81433e-05 -5.19129e-06 -5.25641e-06 -5.17973e-06 -6.01525e-06 -1.43067e-06 
4 -71.8598 33 -71.1827 -1.55851e-06 -5.87148e-06 -4.19199e-06 -5.64435e-06 3.48941e-05 0.000135383 -0.000154481 0.00528894 0.0412765 0.0553131 0.332916 0.332794 0.0550761 0.0411582 0.00522916 -0.000165858 0.000133442 3.44134e-05 -4.88077e-06 -5.34881e-06 -5.70346e-06 -6.0327e-06 -1.83924e-06 
4.1 -71.8598 33 -71.1827 -2.04309e-06 -5.38187e-06 -4.44769e-06 -4.85032e-06 1.60893e-05 0.000138368 -9.55889e-05 0.00550838 0.0533551 0.0603034 0.294211 0.294105 0.0600679 0.0532125 0.00550454 -0.000102218 0.000134343 1.51177e-05 -4.08902e-06 -5.08854e-06 -6.1437e-06 -5.43526e-06 -2.30709e-06 
4.2 -71.8598 33 -71.1827 -2.50338e-06 -4.28232e-06 -4.58566e-06 -3.53089e-06 -5.61928e-06 0.000137748 0.000310888 0.0058298 0.0631613 0.0682637 0.244046 0.243972 0.0680234 0.0629845 0.00587833 0.000307858 0.000130789 -7.12215e-06 -2.87445e-06 -4.47504e-06 -6.29134e-06 -4.28503e-06 -2.76736e-06 
4.3 -71.8598 34 -71.1827 -2.84107e-06 -2.81804e-06 -4.50871e-06 -1.91161e-06 -2.64022e-05 0.000136953 0.00107935 0.00628808 0.0691428 0.0772763 0.190934 0.190907 0.0770217 0.068919 0.00637146 0.00107676 0.000126535 -2.84055e-05 -1.43296e-06 -3.63377e-06 -5.99911e-06 -2.83738e-06 -3.14043e-06 
4.4 -71.8598 34 -71.1827 -2.97313e-06 -1.37703e-06 -4.18386e-06 -3.12669e-07 -4.15056e-05 0.000140841 0.00215856 0.00690641 0.0701319 0.0853831 0.145758 0.145786 0.0850999 0.0698528 0.00699599 0.00215204 0.000126993 -4.39112e-05 -4.01371e-08 -2.76192e-06 -5.20681e-06 -1.47023e-06 -3.34739e-06 
4.5 -71.8598 35 -71.1827 -2.85403e-06 -3.47528e-07 -3.63494e-06 9.38181e-07 -4.5868e-05 0.000154898 0.00343069 0.00768372 0.0655703 0.0911564 0.120152 0.120236 0.0908313 0.0652316 0.0077457 0.00341578 0.000138283 -4.8544e-05 1.01842e-06 -2.06715e-06 -3.94939e-06 -5.51667e-07 -3.3266e-06 
4.6 -71.8598 36 -71.1827 -2.48993e-06 2.44285e-08 -2.95622e-06 1.56228e-06 -3.50244e-05 0.000183999 0.00472326 0.00858008 0.055738 0.093851 0.121764 0.121881 0.093478 0.0553403 0.00858383 0.00469637 0.000165801 -3.7867e-05 1.49433e-06 -1.73559e-06 -2.38467e-06 -3.05992e-07 -3.05278e-06 
4.7 -71.8598 36 -71.1827 -1.93943e-06 -2.9341e-07 -2.32659e-06 1.38037e-06 -6.13771e-06 0.00023105 0.00583342 0.00951193 0.0419269 0.0932878 0.147178 0.147289 0.0928787 0.0414818 0.00943767 0.00579259 0.000212711 -9.14791e-06 1.2187e-06 -1.90765e-06 -8.17321e-07 -7.41712e-07 -2.54801e-06 
4.8 -71.8598 36 -71.1827 -1.30305e-06 -1.14743e-06 -1.99339e-06 3.55855e-07 4.10246e-05 0.000295855 0.00656168 0.010365 0.0264652 0.0896358 0.185653 0.185718 0.0892224 0.0259964 0.0102084 0.00650698 0.000278719 3.76879e-05 1.50723e-07 -2.65052e-06 3.20807e-07 -1.6781e-06 -1.88722e-06 
4.9 -71.8598 37 -71.1827 -7.02757e-07 -2.28969e-06 -2.19284e-06 -1.34764e-06 0.00010341 0.000374476 0.00674993 0.0110257 0.0124652 0.0833052 0.228135 0.22811 0.0829271 0.0120076 0.0107991 0.00668373 0.000359445 9.94152e-05 -1.56163e-06 -3.90569e-06 5.74586e-07 -2.84401e-06 -1.18419e-06 
5 -71.8598 38 -71.1827 -2.53851e-07 -3.47706e-06 -3.01657e-06 -3.32534e-06 0.000174504 0.000459443 0.00631842 0.0114199 0.00317874 0.075056 0.269288 0.269159 0.0747436 0.00277089 0.0111503 0.00624514 0.000446757 0.000169398 -3.52885e-06 -5.43271e-06 -3.59479e-07 -3.99058e-06 -5.69153e-07 
5.1 -71.8598 38 -71.1827 -3.70667e-08 -4.53122e-06 -4.28849e-06 -4.95816e-06 0.000244791 0.000540856 0.00529474 0.0115424 0.00101983 0.0662176 0.305955 0.305765 0.0659831 0.0006955 0.0112633 0.00522022 0.000530004 0.000238119 -5.13773e-06 -6.80385e-06 -2.46523e-06 -4.9575e-06 -1.62168e-07 
5.2 -71.8598 38 -71.1827 -8.16437e-08 -5.34693e-06 -5.54024e-06 -5.54032e-06 0.000302885 0.000608274 0.00382747 0.0114594 0.00675731 0.0588103 0.33506 0.334872 0.0586483 0.00654166 0.0112022 0.00375847 0.000598033 0.000294327 -5.67715e-06 -7.47799e-06 -5.33732e-06 -5.67113e-06 -4.42034e-08 
5.3 -71.8598 38 -71.1827 -3.68124e-07 -5.93294e-06 -6.27981e-06 -4.52138e-06 0.000337302 0.00065318 0.00217868 0.0112863 0.0194545 0.0552931 0.352832 0.35269 0.0551931 0.0193618 0.0110729 0.00212163 0.000641805 0.000326812 -4.54812e-06 -6.99225e-06 -8.415e-06 -6.16581e-06 -2.42803e-07 
5.4 -71.8598 38 -71.1827 -8.30829e-07 -6.08484e-06 -5.63415e-06 -1.5799e-06 0.000338669 0.000671537 0.000689426 0.0111546 0.0369885 0.057623 0.356024 0.355951 0.0575789 0.037015 0.0109928 0.000648828 0.000656977 0.00032654 -1.5051e-06 -4.99642e-06 -1.05984e-05 -6.24491e-06 -7.1618e-07 
5.5 -71.8598 39 -71.1827 -1.39083e-06 -5.81611e-06 -3.49158e-06 2.97527e-06 0.00030208 0.000665714 -0.000279565 0.011184 0.0565698 0.0659511 0.342809 0.342819 0.0659553 0.0566892 0.0110681 -0.000302309 0.000646088 0.000288927 3.16993e-06 -1.6562e-06 -1.14293e-05 -5.92914e-06 -1.37695e-06 
5.6 -71.8598 40 -71.1827 -1.95613e-06 -5.10476e-06 -6.88438e-08 8.33818e-06 0.000229123 0.000645279 -0.000422446 0.0114716 0.0750996 0.0783157 0.312965 0.313063 0.0783465 0.0752639 0.0113867 -0.000430229 0.00061945 0.000215811 8.65146e-06 2.45302e-06 -1.06433e-05 -5.20299e-06 -2.09863e-06 
5.7 -71.8598 41 -71.1827 -2.43231e-06 -4.02901e-06 3.88573e-06 1.33255e-05 0.000129127 0.000626071 0.000438221 0.0120869 0.089533 0.09156 0.2684 0.268578 0.0915798 0.0896766 0.0120141 0.000438083 0.000594063 0.000116614 1.37472e-05 6.39595e-06 -8.44894e-06 -4.15444e-06 -2.74903e-06 
5.8 -71.8598 42 -71.1827 -2.73534e-06 -2.78316e-06 7.28448e-06 1.66877e-05 1.91496e-05 0.000627876 0.00229889 0.0130607 0.0973092 0.102472 0.214442 0.214679 0.10243 0.0973616 0.0129806 0.00229595 0.000590635 8.20044e-06 1.72224e-05 9.10756e-06 -5.42732e-06 -2.97798e-06 -3.2197e-06 
5.9 -71.8598 42 -71.1827 -2.81039e-06 -1.64239e-06 9.02022e-06 1.74823e-05 -7.7935e-05 0.000669679 0.00495861 0.0143594 0.0967644 0.108694 0.161092 0.161352 0.108542 0.0966677 0.0142548 0.00494233 0.000629252 -8.68741e-05 1.81561e-05 9.67765e-06 -2.32212e-06 -1.93161e-06 -3.44966e-06 
6 -71.8598 42 -71.1827 -2.6489e-06 -8.84323e-07 8.29571e-06 1.5386e-05 -0.000136699 0.000765268 0.00804078 0.0158554 0.0874529 0.109199 0.122356 0.1226 0.108911 0.0871771 0.0157143 0.00800384 0.000724669 -0.000143622 1.62256e-05 7.59962e-06 1.83364e-07 -1.26483e-06 -3.43244e-06 
6.1 -71.8598 43 -71.1827 -2.29149e-06 -7.01782e-07 4.86155e-06 1.08729e-05 -0.000133917 0.00091926 0.0110518 0.0173243 0.0703496 0.104266 0.109436 0.109624 0.103859 0.0698993 0.0171439 0.010992 0.000881295 -0.000139449 1.18501e-05 2.93018e-06 1.61969e-06 -1.1493e-06 -3.20361e-06 
6.2 -71.8598 44 -71.1827 -1.81343e-06 -1.14575e-06 -8.86696e-07 5.19406e-06 -5.3911e-05 0.00112433 0.013462 0.0184921 0.0479035 0.0950887 0.12121 0.121303 0.0946293 0.0473185 0.0182817 0.0133825 0.001091 -5.93136e-05 6.16903e-06 -3.67445e-06 1.78271e-06 -1.63303e-06 -2.81797e-06 
6.3 -71.8598 45 -71.1827 -1.30114e-06 -2.11506e-06 -7.94526e-06 1.62038e-07 0.000106689 0.00136127 0.0148006 0.0191211 0.0238971 0.0833197 0.149656 0.149625 0.0829081 0.0232504 0.0189029 0.0147085 0.00133331 9.97453e-05 8.65721e-07 -1.10421e-05 7.08767e-07 -2.6234e-06 -2.33204e-06 
6.4 -71.8598 45 -71.1827 -8.347e-07 -3.38615e-06 -1.48452e-05 -2.22172e-06 0.000335817 0.00160129 0.0147485 0.0191003 0.00301942 0.0708172 0.188461 0.188317 0.070543 0.00240919 0.0189017 0.0146529 0.00157803 0.000325641 -2.13178e-06 -1.76495e-05 -1.37147e-06 -3.90215e-06 -1.7964e-06 
6.5 -71.8598 45 -71.1827 -4.82603e-07 -4.66594e-06 -1.98782e-05 -2.25748e-07 0.000605646 0.00181095 0.0132165 0.0184952 -0.0100144 0.0596635 0.233858 0.233658 0.0595635 -0.010483 0.0183373 0.0131268 0.00179063 0.000590949 -1.04499e-06 -2.18554e-05 -4.06685e-06 -5.1711e-06 -1.26549e-06 
6.6 -71.8598 45 -71.1827 -3.04737e-07 -5.65935e-06 -2.14008e-05 7.15021e-06 0.000875503 0.00195897 0.0103911 0.0175381 -0.0118759 0.0521813 0.28195 0.281768 0.0522371 -0.0121178 0.0174256 0.0103158 0.00193893 0.000855761 5.30139e-06 -2.21868e-05 -6.86239e-06 -6.12586e-06 -8.04825e-07 
6.7 -71.8598 46 -71.1827 -3.48686e-07 -6.14191e-06 -1.81918e-05 1.98009e-05 0.00109801 0.00202342 0.00673515 0.0165583 -0.00191176 0.0505469 0.326102 0.325988 0.0507131 -0.00188806 0.0164805 0.00668116 0.00200074 0.00107366 1.70606e-05 -1.76598e-05 -9.19373e-06 -6.54288e-06 -4.87984e-07 
6.8 -71.8598 46 -71.1827 -6.31585e-07 -6.01522e-06 -9.80471e-06 3.63229e-05 0.00122769 0.0019987 0.00293151 0.0158874 0.0178498 0.0557945 0.358701 0.358672 0.0560245 0.0181234 0.0158257 0.00290275 0.00197081 0.00120003 3.30816e-05 -8.1012e-06 -1.05676e-05 -6.34427e-06 -3.78502e-07 
6.9 -71.8598 46 -71.1827 -1.11556e-06 -5.3302e-06 3.17038e-06 5.41011e-05 0.0012306 0.00190014 -0.000232655 0.0157818 0.0436984 0.0669471 0.373588 0.373636 0.0672007 0.044156 0.0157211 -0.000236054 0.00186529 0.00120164 5.0913e-05 5.62416e-06 -1.06953e-05 -5.61622e-06 -5.00869e-07 
7 -71.8598 46 -71.1828 -1.69691e-06 -4.27743e-06 1.90197e-05 6.97269e-05 0.00109324 0.00176427 -0.00202367 0.0163843 0.071165 0.0813682 0.366766 0.366867 0.0816032 0.0717081 0.0163201 -0.0020061 0.00172192 0.00106539 6.71742e-05 2.15865e-05 -9.58586e-06 -4.58648e-06 -8.26674e-07 
7.1 -71.8598 46 -71.1828 -2.22443e-06 -3.1353e-06 3.50732e-05 7.97371e-05 0.000828739 0.00164385 -0.00192558 0.0177137 0.0957527 0.0958064 0.336965 0.337088 0.0959729 0.0962724 0.0176502 -0.00189586 0.00159451 0.00080453 7.82787e-05 3.70282e-05 -7.53977e-06 -3.5597e-06 -1.28134e-06 
7.2 -71.8598 46 -71.1828 -2.54643e-06 -2.17686e-06 4.81384e-05 8.15211e-05 0.000478545 0.0015974 0.000232536 0.0196544 0.113561 0.10725 0.286542 0.286661 0.107287 0.11397 0.0195992 0.000262693 0.00154256 0.000460278 8.13686e-05 4.88513e-05 -5.03979e-06 -2.81331e-06 -1.77348e-06 
7.3 -71.8598 47 -71.1828 -2.56317e-06 -1.56631e-06 5.51264e-05 7.4194e-05 0.000108488 0.00167603 0.00422341 0.0219466 0.121741 0.113531 0.22246 0.222551 0.113383 0.121995 0.0219086 0.00424104 0.00161722 9.76223e-05 7.51959e-05 5.42402e-05 -2.59933e-06 -2.48562e-06 -2.22896e-06 
7.4 -71.8598 48 -71.1828 -2.25762e-06 -1.30175e-06 5.37399e-05 5.91483e-05 -0.000201004 0.00190951 0.00945062 0.0242051 0.118781 0.113699 0.156856 0.156889 0.113346 0.118876 0.0241898 0.00944425 0.0018481 -0.000204471 6.07348e-05 5.12863e-05 -6.33822e-07 -2.51527e-06 -2.60789e-06 
7.5 -71.8598 49 -71.1828 -1.69059e-06 -1.24568e-06 4.30772e-05 4.0094e-05 -0.000369656 0.00229661 0.0150509 0.0259779 0.10468 0.108021 0.106209 0.106143 0.107507 0.104642 0.0259883 0.0150131 0.00223415 -0.000367682 4.12293e-05 3.9469e-05 6.09577e-07 -2.67928e-06 -2.89801e-06 
7.6 -71.8598 49 -71.1828 -9.69473e-07 -1.2343e-06 2.40304e-05 2.2538e-05 -0.000333988 0.00280277 0.0200475 0.0268558 0.0810676 0.0976335 0.0844626 0.0842684 0.0970662 0.0809325 0.0268958 0.0199746 0.00274088 -0.000330235 2.20656e-05 1.99243e-05 1.05939e-06 -2.72147e-06 -3.0903e-06 
7.7 -71.8598 50 -71.1828 -2.14449e-07 -1.20599e-06 -6.37507e-07 1.26992e-05 -6.35017e-05 0.00336365 0.0235207 0.026599 0.0512212 0.0841506 0.0923463 0.0920515 0.0836625 0.0510291 0.0266731 0.0234146 0.00330392 -6.29363e-05 9.42455e-06 -4.56059e-06 7.69666e-07 -2.50804e-06 -3.16036e-06 
7.8 -71.8598 50 -71.1828 4.60038e-07 -1.27001e-06 -2.65672e-05 1.615e-05 0.000428606 0.00389639 0.0247762 0.0252324 0.0199405 0.0694769 0.122446 0.122099 0.0691688 0.019742 0.0253404 0.0246434 0.00383991 0.000421124 9.2736e-06 -2.97851e-05 -1.46782e-07 -2.12394e-06 -3.06695e-06 
7.9 -71.8598 50 -71.1828 9.45022e-07 -1.65943e-06 -4.84353e-05 3.64207e-05 0.00108273 0.0043146 0.023481 0.023068 -0.00678892 0.0558708 0.167137 0.166794 0.055773 -0.0069255 0.0232037 0.0233323 0.0042615 0.00106365 2.58494e-05 -5.06588e-05 -1.58564e-06 -1.84735e-06 -2.77604e-06 
8 -71.8598 50 -71.1828 1.13078e-06 -2.57842e-06 -6.08628e-05 7.38659e-05 0.00179944 0.00454513 0.0197483 0.0206421 -0.0226645 0.0459877 0.220468 0.220196 0.0460585 -0.0226631 0.0207935 0.0195979 0.00449534 0.00176767 6.03839e-05 -6.19827e-05 -3.46856e-06 -2.00204e-06 -2.28994e-06 
8.1 -71.8598 51 -71.1828 9.12614e-07 -4.03493e-06 -5.94392e-05 0.000125143 0.0024556 0.00454571 0.0141549 0.0185846 -0.0232857 0.0424032 0.27646 0.276309 0.0425509 -0.0230951 0.0187366 0.0140186 0.00449926 0.00241266 0.000110304 -5.94273e-05 -5.69552e-06 -2.78305e-06 -1.6703e-06 
8.2 -71.8598 52 -71.1828 2.18361e-07 -5.76095e-06 -4.17113e-05 0.000183384 0.00292649 0.00431881 0.00767684 0.0174604 -0.00866483 0.0463937 0.326867 0.326835 0.0465027 -0.00829071 0.0176023 0.00756992 0.00427628 0.00287633 0.000169171 -4.0575e-05 -8.05163e-06 -4.15234e-06 -1.03486e-06 
8.3 -71.8598 52 -71.1828 -9.47638e-07 -7.25986e-06 -7.94246e-06 0.000239194 0.00311095 0.00391891 0.0015399 0.017639 0.0175428 0.0570741 0.363444 0.363483 0.0570459 0.0180461 0.017772 0.00147468 0.00388095 0.00305909 0.000227525 -5.8072e-06 -1.01312e-05 -5.84347e-06 -5.24824e-07 
8.4 -71.8598 52 -71.1828 -2.46235e-06 -7.95652e-06 3.84907e-05 0.000282353 0.00295436 0.00344819 -0.00300038 0.0192244 0.0501676 0.0720416 0.379914 0.379953 0.0718316 0.0507221 0.0193602 -0.00301835 0.0034149 0.00290692 0.000274587 4.12275e-05 -1.13597e-05 -7.45235e-06 -2.62211e-07 
8.5 -71.8598 52 -71.1828 -4.06786e-06 -7.38278e-06 9.11975e-05 0.000303996 0.00246487 0.00303996 -0.00491932 0.0220302 0.0836366 0.0884752 0.372638 0.372609 0.0880879 0.0841644 0.0221843 -0.00489309 0.00301001 0.00242766 0.000300581 9.37729e-05 -1.11412e-05 -8.55423e-06 -3.11558e-07 
8.6 -71.8598 52 -71.1828 -5.39718e-06 -5.32782e-06 0.000141473 0.00029889 0.00171887 0.00283155 -0.00366063 0.0255938 0.112743 0.103723 0.341332 0.341187 0.103192 0.113186 0.0257769 -0.00360066 0.00280122 0.00169654 0.000299219 0.000142856 -9.08467e-06 -8.79608e-06 -6.63199e-07 
8.7 -71.8598 53 -71.1828 -6.04341e-06 -1.92239e-06 0.000179623 0.000267296 0.000853171 0.00293135 0.000717024 0.0292451 0.133261 0.11556 0.289729 0.289453 0.114928 0.133586 0.0294602 0.000795706 0.00289499 0.000848232 0.000269775 0.00017881 -5.21178e-06 -7.95651e-06 -1.23972e-06 
8.8 -71.8598 53 -71.1828 -5.65926e-06 2.34796e-06 0.000196779 0.000215875 4.36094e-05 0.00339009 0.007535 0.0322482 0.142316 0.122344 0.225869 0.225476 0.121656 0.142515 0.0324874 0.00761541 0.0033429 5.5564e-05 0.000218175 0.000193183 -5.18049e-08 -5.98726e-06 -1.91864e-06 
8.9 -71.8598 53 -71.1828 -4.06161e-06 6.70238e-06 0.000186938 0.000157236 -0.000527258 0.00418449 0.0156315 0.0339739 0.13858 0.123125 0.16197 0.161498 0.122425 0.138659 0.0342226 0.0157029 0.00412565 -0.000502347 0.000156644 0.000180662 5.42993e-06 -3.04667e-06 -2.56211e-06 
9 -71.8598 53 -71.1828 -1.31201e-06 1.01954e-05 0.000148759 0.000107956 -0.000707352 0.00521826 0.0235978 0.0340572 0.12237 0.117701 0.113379 0.112907 0.117039 0.122346 0.0343005 0.023654 0.0051519 -0.000676046 0.000102088 0.000140637 1.00377e-05 4.8263e-07 -3.04525e-06 
9.1 -71.8598 54 -71.1828 2.25334e-06 1.19036e-05 8.66369e-05 8.52988e-05 -0.000409276 0.00633789 0.0300445 0.0324885 0.0956722 0.10662 0.0925313 0.0921823 0.106048 0.0955729 0.0327153 0.0300791 0.00627267 -0.000380355 7.26003e-05 7.80293e-05 1.2607e-05 4.01008e-06 -3.27769e-06 
9.2 -71.8598 55 -71.1828 6.05746e-06 1.1141e-05 1.06944e-05 0.000103364 0.000366127 0.00735997 0.0338423 0.0296184 0.0621039 0.0912448 0.0989691 0.0987895 0.0908 0.061967 0.0298236 0.0338492 0.00730687 0.000383681 8.37286e-05 3.13765e-06 1.22678e-05 6.80694e-06 -3.214e-06 
9.3 -71.8598 55 -71.1828 9.37539e-06 7.65661e-06 -6.44737e-05 0.000169463 0.00152295 0.00810518 0.0343048 0.0260842 0.0268039 0.0738898 0.12417 0.124124 0.073571 0.0266762 0.0262649 0.0342792 0.00807374 0.00152184 0.000144502 -6.96332e-05 8.67024e-06 8.12911e-06 -2.85608e-06 
9.4 -71.8598 56 -71.1828 1.14657e-05 1.77462e-06 -0.000122151 0.000281669 0.00288281 0.00843388 0.0312985 0.0226701 -0.00374937 0.0578092 0.161312 0.161363 0.0575753 -0.00381603 0.0228227 0.0312405 0.00842959 0.00285934 0.000254324 -0.000124111 2.15417e-06 7.38148e-06 -2.2551e-06 
9.5 -71.8598 56 -71.1828 1.17157e-05 -5.54559e-06 -0.000146633 0.000428219 0.00421498 0.00827894 0.0252774 0.0201399 -0.0223235 0.046763 0.207992 0.208117 0.0465442 -0.0222809 0.0202596 0.0251947 0.0083014 0.00417008 0.000402507 -0.000145238 -6.17697e-06 4.31044e-06 -1.50833e-06 
9.6 -71.8598 57 -71.1829 9.7768e-06 -1.27765e-05 -0.000126599 0.000588924 0.00527874 0.00766828 0.0172371 0.0190872 -0.023489 0.0438503 0.26116 0.261265 0.0435707 -0.0233136 0.0191712 0.0171446 0.00771065 0.0052177 0.000568342 -0.000122568 -1.45465e-05 -8.38675e-07 -7.60918e-07 
9.7 -71.8598 57 -71.1829 5.67437e-06 -1.80537e-05 -5.81196e-05 0.000738472 0.00586973 0.00672962 0.00858582 0.0198351 -0.00738617 0.0499726 0.310962 0.310948 0.0495909 -0.00710579 0.0198898 0.00850304 0.00678045 0.00580114 0.000725054 -5.29558e-05 -2.08086e-05 -7.26737e-06 -1.92315e-07 
9.8 -71.8598 57 -71.1829 -1.29755e-07 -1.95585e-05 5.34451e-05 0.000850993 0.00586199 0.00567502 0.000934243 0.0223857 0.0214172 0.0635452 0.347187 0.347026 0.0630894 0.0217346 0.0224288 0.000878508 0.00571984 0.00579663 0.000844689 5.7695e-05 -2.2926e-05 -1.37151e-05 2.12148e-08 
9.9 -71.8598 57 -71.1829 -6.74062e-06 -1.59937e-05 0.000193264 0.000905479 0.0052377 0.00476325 -0.0041861 0.0263949 0.0569656 0.0816143 0.3633 0.36302 0.0811681 0.0572331 0.0264508 -0.00420422 0.00478754 0.0051869 0.000904096 0.000194395 -1.95199e-05 -1.87028e-05 -2.41785e-07 
10 -71.8598 57 -71.1829 -1.29216e-05 -7.04678e-06 0.000338806 0.00089072 0.00409788 0.00424669 -0.00564083 0.0311871 0.093248 0.10094 0.356788 0.356456 0.100592 0.0933839 0.0312766 -0.00561963 0.00423867 0.0040719 0.000890581 0.000334989 -1.03449e-05 -2.08877e-05 -9.91029e-07 
10.1 -71.8598 58 -71.1829 -1.72809e-05 6.32094e-06 0.000463508 0.000809042 0.00265126 0.00431455 -0.00297476 0.0358628 0.12493 0.118589 0.328931 0.328635 0.118389 0.124885 0.0359875 -0.00291868 0.00426785 0.00265727 0.000805992 0.000453852 3.46482e-06 -1.94163e-05 -2.09521e-06 
10.2 -71.8598 59 -71.1829 -1.85368e-05 2.18929e-05 0.000541824 0.000677669 0.00118052 0.00504639 0.00345031 0.0395021 0.147846 0.132162 0.284164 0.283987 0.132112 0.147613 0.03964 0.0035366 0.00496203 0.0012208 0.000668185 0.000526805 1.94842e-05 -1.41595e-05 -3.29574e-06 
10.3 -71.8598 59 -71.1829 -1.58186e-05 3.65792e-05 0.000554765 0.000527222 -8.28198e-06 0.00638762 0.0125355 0.0414088 0.159232 0.139839 0.229349 0.22934 0.139898 0.158844 0.0415229 0.01265 0.00627626 6.19727e-05 0.00050903 0.000536278 3.44271e-05 -5.7618e-06 -4.2684e-06 
10.4 -71.8598 59 -71.1829 -8.93197e-06 4.70943e-05 0.000494819 0.000396936 -0.000645589 0.00815482 0.0227094 0.0412925 0.15778 0.140437 0.173697 0.173856 0.14054 0.157295 0.0413467 0.0228473 0.00803756 -0.000555742 0.000369395 0.000475763 4.4837e-05 4.4919e-06 -4.70668e-06 
10.5 -71.8598 59 -71.1829 1.47888e-06 5.07393e-05 0.000368741 0.000326636 -0.000554442 0.0100687 0.0322566 0.0393257 0.143626 0.133592 0.129136 0.12943 0.133665 0.143111 0.0393028 0.0324075 0.00997118 -0.000459631 0.000291343 0.000352444 4.7877e-05 1.49107e-05 -4.40852e-06 
10.6 -71.8598 60 -71.1829 1.39397e-05 4.61089e-05 0.00019809 0.000349097 0.000310344 0.0118048 0.0396266 0.0360776 0.11834 0.119979 0.105981 0.106319 0.119958 0.117865 0.0359863 0.0397754 0.0117511 0.000393191 0.000309128 0.000187231 4.20593e-05 2.36644e-05 -3.33813e-06 
10.7 -71.8598 60 -71.1829 2.63334e-05 3.35244e-05 1.60768e-05 0.000481079 0.00184676 0.0130544 0.043671 0.0323442 0.0849854 0.101469 0.103782 0.104055 0.101309 0.0846145 0.0322126 0.0437973 0.0130624 0.00190164 0.000441194 1.20962e-05 2.77623e-05 2.90387e-05 -1.64708e-06 
10.8 -71.8598 61 -71.1829 3.62531e-05 1.51252e-05 -0.000137949 0.000718955 0.00382018 0.0135878 0.0437922 0.0289359 0.0482422 0.0811513 0.116973 0.117132 0.0808547 0.0480184 0.0287958 0.0438729 0.0136656 0.00383553 0.000684561 -0.000135297 7.38801e-06 2.96869e-05 3.40176e-07 
10.9 -71.8598 62 -71.1829 4.14638e-05 -5.40185e-06 -0.000226094 0.00103734 0.00590401 0.0133053 0.0400061 0.0264977 0.0145048 0.0631681 0.143065 0.143131 0.0628002 0.0144386 0.0263763 0.0400219 0.0134491 0.0058763 0.00101314 -0.000218903 -1.4993e-05 2.48891e-05 2.18202e-06 
11 -71.8598 62 -71.1829 4.03938e-05 -2.34054e-05 -0.000219924 0.00139264 0.00774035 0.0122667 0.0329316 0.0254415 -0.00850078 0.0519701 0.182995 0.182981 0.0516516 -0.00842945 0.025356 0.0328756 0.0124595 0.00767597 0.00138102 -0.00021133 -3.40713e-05 1.48124e-05 3.41007e-06 
11.1 -71.8598 62 -71.1829 3.25606e-05 -3.41104e-05 -0.000107241 0.0017298 0.00900678 0.0106894 0.0237191 0.0259761 -0.0143835 0.0505788 0.233455 0.233319 0.0504431 -0.0142193 0.0259311 0.0235988 0.0109019 0.0089219 0.00172989 -0.000101232 -4.47586e-05 6.58087e-07 3.63577e-06 
11.2 -71.8598 63 -71.1829 1.88272e-05 -3.35895e-05 0.000103829 0.00199231 0.0094785 0.00891407 0.0139132 0.0281469 -0.00234358 0.0589089 0.282818 0.282636 0.0590466 -0.0021665 0.0281339 0.013752 0.00910953 0.00939623 0.00200006 0.000103386 -4.30957e-05 -1.53503e-05 2.65894e-06 
11.3 -71.8598 63 -71.1829 1.40609e-06 -1.97018e-05 0.000384608 0.00213321 0.00907237 0.00734082 0.00525397 0.0318039 0.0237654 0.0742438 0.321136 0.321014 0.0746757 0.0238592 0.0318019 0.0050873 0.00748335 0.00901788 0.0021425 0.000374846 -2.73679e-05 -3.02327e-05 5.40582e-07 
11.4 -71.8598 64 -71.1829 -1.64295e-05 7.2055e-06 0.000689937 0.00212557 0.00786595 0.00635036 -0.000590819 0.036516 0.0585437 0.0930136 0.342906 0.3429 0.0936845 0.0584909 0.0364968 -0.000724589 0.00641456 0.00786076 0.00212984 0.000669753 1.27512e-06 -4.07438e-05 -2.3833e-06 
11.5 -71.8598 64 -71.1829 -3.09041e-05 4.40239e-05 0.000966083 0.00197038 0.00608741 0.00622588 -0.00236003 0.0415503 0.0961714 0.111923 0.345783 0.345895 0.112724 0.0959611 0.0414871 -0.00242919 0.00620479 0.00614465 0.00196437 0.000936533 3.87702e-05 -4.40311e-05 -5.55029e-06 
11.6 -71.8598 64 -71.183 -3.84744e-05 8.51823e-05 0.00116115 0.00169968 0.00407815 0.00709165 0.000471874 0.0460074 0.13108 0.128275 0.329374 0.329565 0.129077 0.130739 0.0458847 0.000487368 0.0070012 0.00419977 0.00168082 0.00112536 7.87078e-05 -3.83154e-05 -8.27831e-06 
11.7 -71.8598 64 -71.183 -3.65952e-05 0.000123544 0.00123589 0.00137333 0.00223311 0.00888396 0.0075208 0.0490694 0.158556 0.139953 0.294949 0.295167 0.140621 0.158132 0.0488889 0.00762606 0.00875959 0.00240925 0.00134219 0.00119831 0.00011343 -2.34213e-05 -9.90476e-06 
11.8 -71.8598 64 -71.183 -2.43513e-05 0.00015178 0.00117275 0.00106943 0.000930612 0.0113568 0.0175883 0.0502298 0.175088 0.145356 0.246325 0.24653 0.145773 0.174633 0.0500156 0.0177755 0.0112451 0.00114105 0.00102972 0.00113802 0.000135526 -9.98482e-07 -9.92898e-06 
11.9 -71.8598 64 -71.183 -2.81004e-06 0.000163961 0.000980994 0.000869664 0.000461055 0.0141212 0.0289732 0.04942 0.178491 0.143479 0.19128 0.19146 0.143572 0.178058 0.0492132 0.0292232 0.01407 0.00067796 0.000827314 0.000952628 0.000139455 2.56204e-05 -8.13289e-06 
12 -71.8598 64 -71.183 2.50037e-05 0.000156998 0.000696737 0.000842584 0.000969637 0.0167188 0.0398434 0.0470088 0.16798 0.13414 0.14224 0.142398 0.133911 0.167616 0.0468551 0.0401285 0.0167653 0.00116206 0.000804711 0.000676102 0.000122989 5.1894e-05 -4.65324e-06 
