t=0 enPsi maxBondDim enPhi svn(x) 
0 -42.6964 246 -41.2059 1.2155 0.97952 1.2065 1.12006 1.24409 1.18064 1.27088 1.21367 1.28725 1.23093 1.29501 1.23635 1.29501 1.23094 1.28725 1.21367 1.27088 1.18064 1.24409 1.12006 1.2065 0.979521 1.2155 
0.1 -42.6964 188 -41.2059 -4.39796e-07 -4.07541e-06 -7.15421e-06 -9.41303e-06 -9.84913e-06 -1.11278e-05 -1.17769e-05 -1.21652e-05 -1.03136e-05 0.00228396 0.00517037 0.0057716 0.00191277 -1.09904e-05 -1.22463e-05 -1.26258e-05 -1.17367e-05 -1.14762e-05 -1.0036e-05 -9.36364e-06 -6.61124e-06 -3.70864e-06 -3.60636e-07 
0.2 -42.6964 174 -41.2059 -8.58899e-07 -7.50502e-06 -1.36072e-05 -1.71508e-05 -1.81988e-05 -2.04952e-05 -2.08865e-05 -1.49317e-05 1.30271e-05 0.00915421 0.0202123 0.0225988 0.0076803 1.04879e-05 -1.75321e-05 -2.29703e-05 -2.10615e-05 -2.01714e-05 -1.80013e-05 -1.68709e-05 -1.2863e-05 -7.10122e-06 -7.12891e-07 
0.3 -42.6964 166 -41.2059 -1.14707e-06 -1.02157e-05 -1.93875e-05 -2.61118e-05 -2.84125e-05 -3.00993e-05 -3.11099e-05 6.02625e-06 0.000144972 0.0205776 0.0438325 0.0491419 0.0173016 0.000138643 -5.61724e-06 -3.3199e-05 -2.99313e-05 -2.91656e-05 -2.72581e-05 -2.53618e-05 -1.85994e-05 -9.79031e-06 -8.46212e-07 
0.4 -42.6964 166 -41.2059 -1.50179e-06 -1.29422e-05 -2.48401e-05 -3.29087e-05 -3.62007e-05 -3.83292e-05 -4.05241e-05 8.39027e-05 0.000518066 0.036508 0.0743571 0.0836735 0.0307752 0.0004988 4.47216e-05 -4.38315e-05 -4.14817e-05 -3.89934e-05 -3.68349e-05 -3.42359e-05 -2.55734e-05 -1.33432e-05 -1.32771e-06 
0.5 -42.6964 166 -41.2059 -2.1502e-06 -1.71392e-05 -3.31122e-05 -4.27759e-05 -4.6822e-05 -4.75272e-05 -4.90786e-05 0.000262435 0.00130283 0.0568511 0.110066 0.124418 0.0480691 0.00126363 0.000165046 -5.27979e-05 -5.19368e-05 -4.83629e-05 -4.6798e-05 -4.3939e-05 -3.38425e-05 -1.75648e-05 -2.02175e-06 
0.6 -42.6964 166 -41.2059 -2.8651e-06 -2.17214e-05 -4.20007e-05 -5.40162e-05 -5.97559e-05 -5.76775e-05 -5.47745e-05 0.000601718 0.00270906 0.0814477 0.149432 0.169778 0.0690897 0.00264346 0.000399213 -5.79698e-05 -6.36382e-05 -6.00885e-05 -5.96808e-05 -5.46592e-05 -4.25086e-05 -2.20671e-05 -2.78365e-06 
0.7 -42.6964 166 -41.2059 -3.77021e-06 -2.69139e-05 -5.11437e-05 -6.56978e-05 -7.29252e-05 -6.56741e-05 -5.29316e-05 0.00117998 0.00497579 0.110039 0.191237 0.218435 0.0936497 0.00488126 0.000804649 -5.57975e-05 -7.56709e-05 -7.18239e-05 -7.305e-05 -6.71469e-05 -5.24158e-05 -2.74508e-05 -3.86174e-06 
0.8 -42.6964 166 -41.2059 -4.90311e-06 -3.29774e-05 -6.0966e-05 -7.94587e-05 -8.78422e-05 -7.1329e-05 -3.70885e-05 0.00209467 0.00835714 0.142239 0.234617 0.269364 0.121441 0.00824056 0.00145264 -3.91603e-05 -8.72506e-05 -8.49732e-05 -8.81462e-05 -8.12406e-05 -6.28083e-05 -3.36636e-05 -5.17936e-06 
0.9 -42.6964 166 -41.2059 -6.2883e-06 -3.99185e-05 -7.11833e-05 -9.56681e-05 -0.000104591 -7.25218e-05 3.5979e-06 0.00346331 0.01311 0.177526 0.279026 0.321787 0.152027 0.012995 0.00243162 1.609e-06 -9.7856e-05 -0.000100672 -0.000105408 -9.79522e-05 -7.37135e-05 -4.08451e-05 -6.79442e-06 
1 -42.6964 166 -41.2059 -7.947e-06 -4.75239e-05 -8.12285e-05 -0.000113817 -0.000121247 -6.27251e-05 8.65262e-05 0.00542539 0.0194805 0.215259 0.324167 0.375079 0.184858 0.0194152 0.00384867 8.44491e-05 -0.000102901 -0.000116572 -0.000122977 -0.000116766 -8.43814e-05 -4.84544e-05 -8.44274e-06 
1.1 -42.6964 166 -41.2059 -9.90211e-06 -5.56086e-05 -9.08062e-05 -0.000133965 -0.000137485 -3.66602e-05 0.000234107 0.00813925 0.0276886 0.254702 0.369892 0.428676 0.219295 0.0277548 0.00582621 0.000230904 -9.85804e-05 -0.000133721 -0.000140821 -0.000137813 -9.46604e-05 -5.6845e-05 -1.08141e-05 
1.2 -42.6964 166 -41.2059 -1.21713e-05 -6.38565e-05 -9.97221e-05 -0.000155764 -0.00015229 1.44306e-05 0.000477034 0.0117813 0.0379158 0.295084 0.41611 0.482016 0.254661 0.0382383 0.00850225 0.000470384 -7.86458e-05 -0.000152084 -0.000158646 -0.000160949 -0.000104167 -6.52884e-05 -1.31195e-05 
1.3 -42.6964 166 -41.2059 -1.47624e-05 -7.18533e-05 -0.000108014 -0.000178528 -0.000164389 0.000102714 0.000855302 0.0165417 0.0502937 0.335647 0.462699 0.534513 0.290282 0.0510508 0.0120272 0.000841641 -3.42684e-05 -0.000171078 -0.00017519 -0.000185532 -0.000112923 -7.33394e-05 -1.55437e-05 
1.4 -42.6964 166 -41.2059 -1.76653e-05 -7.9037e-05 -0.000115893 -0.000200552 -0.000170124 0.000245251 0.00141957 0.0226186 0.0648956 0.375709 0.509442 0.585565 0.325542 0.0663287 0.0165595 0.00139462 4.65822e-05 -0.000189156 -0.00018878 -0.000210478 -0.000121102 -8.09382e-05 -1.84444e-05 
1.5 -42.6964 169 -41.2059 -2.08517e-05 -8.49111e-05 -0.000124068 -0.000220553 -0.000168017 0.000463517 0.00223185 0.0302103 0.0817328 0.414714 0.555975 0.634564 0.359928 0.0841528 0.0222594 0.00219105 0.000178843 -0.000204604 -0.000199437 -0.000235097 -0.000129447 -8.69256e-05 -2.13729e-05 
1.6 -42.6964 175 -41.2059 -2.4258e-05 -8.89754e-05 -0.000133365 -0.000236384 -0.00015505 0.000785578 0.00336651 0.0395058 0.100756 0.452269 0.60177 0.680918 0.39306 0.104545 0.0292815 0.00330656 0.000381341 -0.000214021 -0.000206129 -0.000257799 -0.000138733 -9.12345e-05 -2.47911e-05 
1.7 -42.6964 182 -41.2059 -2.77728e-05 -9.08113e-05 -0.000144542 -0.000245043 -0.000127087 0.00124764 0.00491095 0.0506749 0.12186 0.488166 0.646163 0.724083 0.42472 0.127465 0.0377672 0.00483155 0.000676916 -0.000212866 -0.000208661 -0.000277219 -0.000150057 -9.3622e-05 -2.83122e-05 
1.8 -42.6964 191 -41.2059 -3.12358e-05 -9.02214e-05 -0.000158385 -0.000243455 -7.99113e-05 0.00189389 0.00696496 0.063857 0.144899 0.522382 0.688403 0.763606 0.454852 0.15282 0.0478365 0.00687257 0.00109483 -0.000193251 -0.000206762 -0.000291708 -0.0001643 -9.38115e-05 -3.21302e-05 
1.9 -42.6964 200 -41.2059 -3.44303e-05 -8.72865e-05 -0.000175283 -0.00022789 -7.81198e-06 0.00277837 0.00964059 0.0791521 0.169693 0.555054 0.727749 0.799172 0.483556 0.18046 0.0595796 0.00955089 0.00166839 -0.000146514 -0.000200907 -0.000299851 -0.000182163 -9.16119e-05 -3.56064e-05 
2 -42.6964 211 -41.2059 -3.70964e-05 -8.24519e-05 -0.000195173 -0.000194326 9.65786e-05 0.00396561 0.0130601 0.0966123 0.196055 0.586436 0.763568 0.830641 0.511054 0.210198 0.073053 0.013003 0.00243841 -6.05398e-05 -0.000191411 -0.000300432 -0.000203852 -8.7445e-05 -3.83477e-05 
2.1 -42.6964 221 -41.2059 -3.8931e-05 -7.63339e-05 -0.000216882 -0.000136763 0.000244293 0.00553193 0.0173536 0.116237 0.223796 0.616849 0.795431 0.858082 0.537653 0.24181 0.0882731 0.0173775 0.00345296 7.99368e-05 -0.000178384 -0.000292842 -0.000229007 -8.23215e-05 -4.01931e-05 
2.2 -42.6964 233 -41.2059 -3.96638e-05 -6.99877e-05 -0.000239112 -5.00965e-05 0.000448899 0.00756485 0.0226553 0.137969 0.252741 0.646615 0.823185 0.881781 0.56369 0.27505 0.105216 0.0228319 0.00476908 0.000294294 -0.000160206 -0.00027594 -0.000256288 -7.73553e-05 -4.09803e-05 
2.3 -42.6964 243 -41.2059 -3.90653e-05 -6.44725e-05 -0.000259756 7.24879e-05 0.000729151 0.0101638 0.0290984 0.161701 0.282734 0.676011 0.84699 0.902219 0.589484 0.309658 0.123819 0.0295282 0.00645273 0.000606036 -0.000134661 -0.000250464 -0.000284288 -7.40323e-05 -4.02681e-05 
2.4 -42.6964 255 -41.2059 -3.69912e-05 -6.07493e-05 -0.000276244 0.000239186 0.00110962 0.0134392 0.0368104 0.187278 0.31364 0.705229 0.8673 0.920027 0.615299 0.345366 0.143985 0.0376268 0.00857959 0.00104382 -9.71327e-05 -0.000217195 -0.000311108 -7.36394e-05 -3.81599e-05 
2.5 -42.6964 354 -41.2059 -3.36855e-05 -6.092e-05 -0.000288393 0.000456271 0.00161699 0.0175057 0.0459028 0.214508 0.345346 0.73437 0.884809 0.935923 0.641321 0.381915 0.165587 0.0472751 0.0112292 0.00163719 -4.48603e-05 -0.000181013 -0.000337552 -7.8931e-05 -3.48564e-05 
2.6 -42.6964 377 -41.2059 -2.89681e-05 -6.33865e-05 -0.000290229 0.00074127 0.00229507 0.0224965 0.0564812 0.243187 0.377749 0.763448 0.900335 0.950617 0.667652 0.41905 0.188492 0.0586186 0.0145018 0.00243254 3.70122e-05 -0.00013864 -0.000358961 -8.9025e-05 -3.01656e-05 
2.7 -42.6964 404 -41.2059 -2.30676e-05 -6.73545e-05 -0.000278356 0.00111146 0.00319119 0.028544 0.0686216 0.273083 0.410711 0.792371 0.914665 0.964686 0.694278 0.4565 0.212539 0.071775 0.0184994 0.00347884 0.000162133 -8.99589e-05 -0.000373765 -0.000104091 -2.43397e-05 
2.8 -42.6964 431 -41.2059 -1.6333e-05 -7.1164e-05 -0.000249152 0.00158896 0.00436112 0.0357813 0.0823737 0.303967 0.444073 0.820998 0.928466 0.978548 0.721115 0.49399 0.237566 0.0868345 0.0233294 0.00483365 0.000347664 -3.35193e-05 -0.000380781 -0.000123715 -1.77564e-05 
2.9 -42.6964 458 -41.2059 -9.20985e-06 -7.22359e-05 -0.000198515 0.00220176 0.00586907 0.0443381 0.0977568 0.335618 0.477645 0.84916 0.94221 0.992427 0.748024 0.531243 0.26342 0.103855 0.0291013 0.00656392 0.000614362 3.40041e-05 -0.000379168 -0.000146934 -1.09e-05 
3 -42.6964 485 -41.2059 -2.20165e-06 -6.70635e-05 -0.000121566 0.00298476 0.00778764 0.0543358 0.114759 0.367835 0.511205 0.876687 0.956126 1.00635 0.774838 0.567984 0.289959 0.122856 0.0359228 0.00874658 0.000986953 0.000118447 -0.00036825 -0.00017233 -4.32625e-06 
3.1 -42.6964 510 -41.2059 4.18288e-06 -5.12332e-05 -1.23037e-05 0.00398042 0.0101968 0.0658821 0.133336 0.400441 0.544516 0.903417 0.970193 1.02019 0.801381 0.603945 0.317057 0.143818 0.0438961 0.0114689 0.00149442 0.000228679 -0.000347291 -0.000198126 1.38144e-06 
3.2 -42.6964 512 -41.2059 9.49515e-06 -1.94008e-05 0.000136792 0.00523948 0.0131828 0.079067 0.153413 0.43328 0.577332 0.929213 0.984158 1.03368 0.82748 0.638877 0.344609 0.166682 0.0531124 0.0148281 0.00217014 0.00037676 -0.000315486 -0.00022236 5.66527e-06 
3.3 -42.6964 512 -41.2059 1.34167e-05 3.47814e-05 0.000335119 0.0068213 0.0168368 0.093958 0.174892 0.466218 0.609428 0.953958 0.997591 1.04647 0.85298 0.672557 0.372523 0.19135 0.0636488 0.0189299 0.00305248 0.000578478 -0.000271633 -0.000242928 8.06086e-06 
3.4 -42.6964 512 -41.2059 1.58274e-05 0.000118804 0.000594363 0.00879389 0.0212522 0.110595 0.19765 0.499136 0.640606 0.97756 1.00996 1.05822 0.877739 0.704804 0.400719 0.217689 0.0755635 0.0238874 0.00418507 0.000853503 -0.000213993 -0.000257651 8.26531e-06 
3.5 -42.6964 512 -41.2059 1.68661e-05 0.000241535 0.000928983 0.0112337 0.0265228 0.12899 0.221547 0.531923 0.67072 0.999931 1.02073 1.06862 0.901626 0.735478 0.429122 0.245531 0.0888932 0.0298177 0.00561711 0.00122563 -0.000140046 -0.000264247 6.19783e-06 
3.6 -42.6964 512 -41.2059 1.6972e-05 0.00041351 0.00135667 0.0142252 0.0327393 0.149121 0.246436 0.564475 0.699674 1.02098 1.02942 1.07745 0.924511 0.764487 0.457658 0.274687 0.103651 0.0368393 0.00740362 0.00172298 -4.62335e-05 -0.000260284 2.04051e-06 
3.7 -42.6964 512 -41.206 1.69044e-05 0.000647244 0.00189885 0.0178595 0.0399866 0.170933 0.272162 0.596687 0.727426 1.04061 1.03574 1.08459 0.946257 0.791782 0.486247 0.304941 0.119827 0.0450678 0.00960555 0.00237834 7.23986e-05 -0.000243047 -3.73637e-06 
3.8 -42.6964 512 -41.206 1.77414e-05 0.000957589 0.00258105 0.0222336 0.0483402 0.194341 0.298569 0.628453 0.753973 1.05868 1.03959 1.09004 0.966709 0.817343 0.514802 0.336069 0.137384 0.054612 0.0122893 0.0032294 0.000222422 -0.000209478 -1.03797e-05 
3.9 -42.6964 512 -41.206 2.08567e-05 0.00136209 0.00343332 0.0274482 0.0578627 0.219232 0.325509 0.659662 0.779332 1.07504 1.04115 1.09394 0.98569 0.841175 0.543232 0.367832 0.156264 0.0655695 0.0155264 0.00431926 0.00041237 -0.000155996 -1.68893e-05 
4 -42.6964 512 -41.206 2.78673e-05 0.00188142 0.00449036 0.0336064 0.0686019 0.245465 0.352836 0.690201 0.803519 1.08951 1.0408 1.09656 1.00301 0.86329 0.571435 0.399994 0.176387 0.0780221 0.0193921 0.00569685 0.000652918 -7.83319e-05 -2.20831e-05 
4.1 -42.6964 512 -41.206 4.05582e-05 0.00253982 0.00579144 0.0408109 0.0805875 0.272884 0.38042 0.719957 0.826522 1.10193 1.0392 1.09829 1.01845 0.883698 0.599311 0.432318 0.197654 0.0920318 0.0239645 0.00741735 0.000957096 2.86856e-05 -2.46897e-05 
4.2 -42.6964 512 -41.206 6.07953e-05 0.00336558 0.00738024 0.0491611 0.0938297 0.301312 0.408137 0.748813 0.848287 1.11218 1.0371 1.09965 1.03184 0.902403 0.626758 0.464572 0.21995 0.107637 0.0293222 0.00954255 0.00134051 0.000171459 -2.3457e-05 
4.3 -42.6964 512 -41.206 9.04247e-05 0.00439153 0.0093044 0.0587504 0.108318 0.330568 0.435881 0.776659 0.868707 1.12021 1.03537 1.10119 1.04302 0.9194 0.653679 0.49654 0.243151 0.124851 0.0355417 0.0121407 0.00182138 0.000357887 -1.72686e-05 
4.4 -42.6964 512 -41.2061 0.000131186 0.00565548 0.011615 0.0696623 0.124021 0.360464 0.463557 0.803389 0.887624 1.12607 1.03483 1.1035 1.05188 0.934675 0.679984 0.528018 0.267122 0.14366 0.0426953 0.0152867 0.00242097 0.000597804 -5.23669e-06 
4.5 -42.6964 512 -41.2061 0.000184656 0.00720059 0.0143656 0.0819683 0.140888 0.390813 0.491085 0.828905 0.904851 1.12994 1.03619 1.1071 1.05842 0.948217 0.705592 0.558821 0.291726 0.164021 0.0508484 0.0190611 0.00316366 0.000903321 1.32342e-05 
4.6 -42.6964 512 -41.2061 0.000252216 0.00907558 0.0176115 0.0957241 0.158851 0.42143 0.518398 0.853117 0.920188 1.13211 1.03997 1.11242 1.06275 0.960019 0.730432 0.588788 0.316822 0.185865 0.0600564 0.0235495 0.00407727 0.00128926 3.84343e-05 
4.7 -42.6964 512 -41.2061 0.000335096 0.0113348 0.0214082 0.110967 0.177824 0.452139 0.545439 0.875948 0.93346 1.13297 1.04648 1.11979 1.0651 0.970094 0.754435 0.617779 0.342271 0.209097 0.0703624 0.0288409 0.00519312 0.00177348 7.03899e-05 
4.8 -42.6964 512 -41.2062 0.000434415 0.0140382 0.0258104 0.127714 0.197713 0.482771 0.572158 0.89733 0.944542 1.133 1.05579 1.12938 1.06582 0.978482 0.77754 0.645681 0.367937 0.233598 0.0817954 0.0350261 0.00654616 0.00237732 0.000108952 
4.9 -42.6964 512 -41.2062 0.000551292 0.0172508 0.0308702 0.145958 0.218413 0.513168 0.598508 0.917207 0.953389 1.13272 1.06777 1.14122 1.06537 0.985264 0.799681 0.672407 0.39369 0.25923 0.0943683 0.0421955 0.00817489 0.00312591 0.000153911 
5 -42.6964 512 -41.2062 0.000686956 0.0210421 0.0366355 0.165672 0.239818 0.543183 0.624433 0.935536 0.960062 1.1326 1.08213 1.1552 1.06428 0.990572 0.820791 0.697892 0.419408 0.285835 0.108077 0.0504361 0.0101211 0.0040485 0.000205143 
5.1 -42.6964 512 -41.2062 0.00084281 0.0254856 0.0431482 0.186801 0.261821 0.572681 0.649864 0.95229 0.964733 1.13311 1.09844 1.17109 1.06311 0.994599 0.840799 0.722094 0.444977 0.313243 0.122899 0.0598293 0.0124296 0.0051787 0.000262741 
5.2 -42.6964 512 -41.2063 0.00102056 0.0306569 0.0504431 0.209271 0.284319 0.601539 0.674716 0.967465 0.967689 1.13457 1.11624 1.18851 1.06239 0.997605 0.859634 0.744992 0.470297 0.341274 0.138798 0.0704474 0.0151474 0.00655463 0.000327148 
5.3 -42.6964 512 -41.2063 0.00122224 0.036633 0.0585459 0.232984 0.307215 0.629646 0.698879 0.981086 0.969313 1.13724 1.13499 1.207 1.06258 0.999918 0.877228 0.766578 0.495284 0.369741 0.155717 0.0823505 0.0183231 0.00821893 0.000399249 
5.4 -42.6964 512 -41.2063 0.0014502 0.0434897 0.0674723 0.257823 0.330421 0.656903 0.722224 0.993218 0.970062 1.14122 1.15418 1.22603 1.06399 1.00192 0.893524 0.786859 0.519867 0.398455 0.17359 0.0955844 0.0220064 0.0102188 0.000480461 
5.5 -42.6964 512 -41.2064 0.00170711 0.0513003 0.0772274 0.283653 0.353859 0.683221 0.744605 1.00397 0.970428 1.14653 1.1733 1.24505 1.06683 1.00404 0.908486 0.80585 0.543994 0.427232 0.192333 0.110178 0.0262463 0.0126057 0.000572761 
5.6 -42.6964 512 -41.2064 0.00199584 0.060133 0.0878047 0.310323 0.377457 0.708528 0.765868 1.01348 0.970894 1.1531 1.1919 1.26353 1.07111 1.00671 0.922104 0.823571 0.567628 0.455891 0.211854 0.126141 0.0310902 0.0154354 0.000678687 
5.7 -42.6964 512 -41.2065 0.00231938 0.0700492 0.0991867 0.337674 0.401156 0.732759 0.785859 1.02197 0.971897 1.16078 1.20957 1.28099 1.07673 1.01034 0.934407 0.840045 0.590748 0.484262 0.232055 0.143465 0.0365821 0.0187672 0.000801267 
5.8 -42.6964 512 -41.2065 0.00268061 0.081101 0.111345 0.365539 0.424901 0.755866 0.804439 1.02965 0.973786 1.16941 1.22599 1.29705 1.08348 1.01528 0.945459 0.855297 0.613345 0.512189 0.252829 0.16212 0.0427616 0.0226638 0.000943947 
5.9 -42.6964 512 -41.2065 0.0030821 0.0933292 0.124243 0.393747 0.448644 0.777811 0.821493 1.03678 0.976802 1.17878 1.24087 1.31139 1.09108 1.02177 0.955366 0.869351 0.635418 0.53953 0.274067 0.182057 0.0496617 0.0271905 0.00111043 
6 -42.6964 512 -41.2066 0.00352581 0.106762 0.137835 0.422129 0.472337 0.798567 0.836941 1.0436 0.981065 1.18867 1.25402 1.3238 1.09924 1.02993 0.964264 0.88223 0.656973 0.566163 0.29566 0.203205 0.0573077 0.0324141 0.00130447 
6.1 -42.6964 512 -41.2066 0.00401289 0.121412 0.152069 0.450516 0.495936 0.81812 0.850742 1.05033 0.986579 1.19889 1.26531 1.33416 1.1077 1.03973 0.972315 0.893962 0.678013 0.591985 0.3175 0.225474 0.0657158 0.0384022 0.00152972 
6.2 -42.6964 512 -41.2067 0.00454345 0.137275 0.166892 0.478742 0.519391 0.836465 0.8629 1.05714 0.993252 1.20923 1.27469 1.34244 1.11624 1.051 0.979687 0.90458 0.698539 0.616913 0.339482 0.248757 0.0748923 0.0452208 0.00178942 
6.3 -42.6964 512 -41.2067 0.00511629 0.154331 0.182244 0.506649 0.542647 0.853606 0.873463 1.06415 1.00092 1.21948 1.28213 1.34868 1.12469 1.06348 0.986543 0.914124 0.718543 0.640885 0.361508 0.27293 0.0848334 0.0529336 0.00208632 
6.4 -42.6964 512 -41.2068 0.00572878 0.172539 0.198069 0.534083 0.56564 0.869558 0.882514 1.0714 1.0094 1.22948 1.2877 1.35302 1.13295 1.07681 0.993018 0.92265 0.738003 0.663862 0.383492 0.297856 0.0955251 0.0615993 0.00242241 
6.5 -42.6964 512 -41.2069 0.00637678 0.19184 0.214307 0.560899 0.588299 0.884346 0.890166 1.07886 1.01846 1.23903 1.29148 1.35564 1.14097 1.0906 0.999211 0.93023 0.756883 0.68582 0.405357 0.323386 0.106944 0.0712703 0.00279882 
6.6 -42.6964 512 -41.2069 0.00705464 0.212158 0.230904 0.586961 0.610541 0.898004 0.89655 1.08644 1.02792 1.248 1.29363 1.35678 1.14874 1.10446 1.00517 0.936953 0.77513 0.706752 0.427041 0.349364 0.119057 0.0819904 0.00321576 
6.7 -42.6964 512 -41.207 0.00775549 0.233395 0.247805 0.612145 0.632275 0.910576 0.901801 1.09404 1.03762 1.25626 1.29434 1.35672 1.1563 1.11803 1.01091 0.942929 0.792679 0.726664 0.448494 0.375625 0.131821 0.093793 0.00367247 
6.8 -42.6964 512 -41.207 0.00847159 0.255437 0.264958 0.636338 0.653399 0.922114 0.906055 1.10149 1.04744 1.26372 1.29388 1.35577 1.1637 1.13103 1.01638 0.948279 0.809449 0.745565 0.469683 0.402005 0.145187 0.106699 0.00416725 
6.9 -42.6964 512 -41.2071 0.00919496 0.278156 0.282316 0.659442 0.673805 0.932678 0.909434 1.10867 1.05732 1.27038 1.29254 1.35424 1.17103 1.14323 1.02154 0.953134 0.825349 0.763468 0.490585 0.428338 0.159096 0.120717 0.00469753 
7 -42.6964 512 -41.2072 0.00991791 0.301407 0.299829 0.681373 0.693381 0.942334 0.912049 1.11545 1.06724 1.27624 1.29065 1.35247 1.17841 1.15452 1.0263 0.957629 0.840284 0.780378 0.511193 0.454461 0.173487 0.135837 0.00525988 
7.1 -42.6964 512 -41.2072 0.0106338 0.325031 0.317454 0.702063 0.71201 0.95115 0.913997 1.12176 1.07725 1.28141 1.28857 1.35074 1.18595 1.16489 1.03064 0.961891 0.854154 0.796296 0.531506 0.480215 0.188288 0.152036 0.00584999 
7.2 -42.6964 512 -41.2073 0.0113379 0.348858 0.335145 0.721458 0.729579 0.95919 0.915369 1.12756 1.08743 1.28604 1.28665 1.34935 1.19381 1.17441 1.03453 0.966039 0.86687 0.811205 0.55153 0.505454 0.203429 0.16927 0.00646259 
7.3 -42.6964 512 -41.2074 0.0120274 0.372711 0.352862 0.739517 0.745977 0.966514 0.916256 1.13287 1.09788 1.29033 1.2852 1.34854 1.20209 1.18324 1.03802 0.970176 0.878347 0.825081 0.571274 0.530039 0.218835 0.187482 0.0070914 
7.4 -42.6964 512 -41.2075 0.0127026 0.396401 0.370561 0.756212 0.761101 0.973172 0.916759 1.13775 1.10874 1.2945 1.28448 1.34849 1.21092 1.19161 1.0412 0.97439 0.88852 0.837884 0.590743 0.553849 0.234431 0.206594 0.00772907 
7.5 -42.6964 512 -41.2075 0.0133666 0.41974 0.388199 0.771526 0.774855 0.979204 0.916995 1.14233 1.12014 1.29883 1.28467 1.34933 1.22036 1.19978 1.04424 0.978755 0.897346 0.849569 0.609932 0.576778 0.250146 0.226512 0.00836721 
7.6 -42.6964 512 -41.2076 0.0140256 0.442535 0.405731 0.785451 0.787155 0.984639 0.917107 1.14676 1.13216 1.30354 1.28588 1.35114 1.23044 1.20804 1.04734 0.983337 0.904807 0.860087 0.628823 0.598737 0.265913 0.247126 0.00899656 
7.7 -42.6964 512 -41.2077 0.0146887 0.464595 0.423108 0.797983 0.797928 0.989501 0.917263 1.15123 1.14485 1.30887 1.28808 1.35392 1.24109 1.21664 1.05077 0.988197 0.910917 0.869391 0.647381 0.619653 0.281669 0.268312 0.00960723 
7.8 -42.6964 512 -41.2078 0.0153674 0.485736 0.440275 0.809127 0.807115 0.993815 0.917657 1.15592 1.15817 1.31498 1.29119 1.3576 1.25218 1.22578 1.0548 0.993402 0.915726 0.877449 0.665546 0.639471 0.297362 0.289932 0.0101891 
7.9 -42.6964 512 -41.2079 0.0160748 0.505778 0.457169 0.818888 0.814672 0.997608 0.918505 1.16103 1.17196 1.32193 1.29502 1.36205 1.26346 1.23558 1.05972 0.999025 0.919318 0.884246 0.683238 0.658149 0.312947 0.311835 0.0107322 
8 -42.6964 512 -41.208 0.0168247 0.524547 0.473717 0.827275 0.820573 1.00092 0.920039 1.16676 1.18602 1.32972 1.29935 1.36709 1.27466 1.24602 1.06577 1.00516 0.921814 0.889794 0.700353 0.675654 0.328388 0.333862 0.0112272 
8.1 -42.6964 512 -41.2081 0.0176303 0.541884 0.489839 0.8343 0.824811 1.00382 0.922496 1.17323 1.20003 1.33822 1.30392 1.37251 1.28542 1.25702 1.07318 1.01189 0.92337 0.894135 0.716765 0.691963 0.343661 0.355847 0.011666 
8.2 -42.6964 512 -41.2082 0.0185037 0.557637 0.505441 0.83998 0.827404 1.00638 0.926103 1.18054 1.21363 1.3472 1.30849 1.37809 1.29537 1.26837 1.08208 1.01934 0.924173 0.897347 0.732333 0.707055 0.358749 0.377617 0.012042 
8.3 -42.6964 512 -41.2083 0.0194539 0.571668 0.52042 0.844337 0.828396 1.0087 0.931064 1.18873 1.22645 1.35635 1.31282 1.38359 1.30416 1.27977 1.09251 1.02761 0.924437 0.899543 0.746903 0.72091 0.373647 0.399 0.012351 
8.4 -42.6964 512 -41.2084 0.0204866 0.58385 0.534663 0.847396 0.827861 1.01092 0.937539 1.19774 1.23814 1.3653 1.31676 1.38883 1.31147 1.29091 1.10439 1.03678 0.924398 0.900873 0.760319 0.733505 0.388353 0.419824 0.0125909 
8.5 -42.6964 512 -41.2085 0.0216035 0.594074 0.548051 0.849194 0.825908 1.01318 0.945626 1.20746 1.24839 1.3737 1.32021 1.39365 1.31705 1.30142 1.11755 1.0469 0.924304 0.901519 0.772429 0.744811 0.40287 0.43992 0.0127626 
8.6 -42.6964 512 -41.2086 0.0228026 0.602244 0.560458 0.849773 0.82268 1.01563 0.955342 1.21772 1.25696 1.38117 1.32315 1.39794 1.32076 1.31098 1.1317 1.05798 0.924406 0.901693 0.783094 0.754791 0.417201 0.459126 0.01287 
8.7 -42.6964 512 -41.2087 0.024078 0.608281 0.571758 0.84919 0.818355 1.01842 0.96661 1.22827 1.2637 1.38744 1.32561 1.40163 1.32256 1.3193 1.14645 1.06995 0.924947 0.901628 0.792196 0.763403 0.431344 0.477286 0.0129203 
8.8 -42.6964 512 -41.2088 0.0254214 0.612123 0.581826 0.847512 0.813143 1.02168 0.979251 1.23885 1.26855 1.3923 1.32766 1.4047 1.32251 1.32618 1.16136 1.0827 0.926151 0.901568 0.799646 0.7706 0.44529 0.494255 0.0129238 
8.9 -42.6964 512 -41.209 0.0268224 0.613727 0.590542 0.844824 0.807279 1.02553 0.992985 1.24918 1.27152 1.39565 1.32941 1.40715 1.32079 1.3315 1.17597 1.09602 0.928209 0.901765 0.805394 0.776335 0.459017 0.509893 0.0128946 
9 -42.6964 512 -41.2091 0.0282703 0.613067 0.597792 0.841225 0.801013 1.03003 1.00745 1.25901 1.27274 1.39752 1.33098 1.40901 1.31769 1.33524 1.18979 1.10964 0.931267 0.902457 0.809428 0.780561 0.472489 0.524072 0.0128496 
9.1 -42.6964 512 -41.2092 0.0297544 0.610134 0.603477 0.836833 0.794607 1.0352 1.02222 1.26808 1.27238 1.39802 1.33249 1.41033 1.31353 1.33747 1.20242 1.12326 0.935419 0.903863 0.811781 0.783241 0.485654 0.536672 0.0128091 
9.2 -42.6964 512 -41.2093 0.0312654 0.60494 0.607515 0.831776 0.788312 1.04102 1.03683 1.27621 1.27071 1.39737 1.33403 1.41118 1.30873 1.3384 1.21348 1.13653 0.940697 0.906167 0.812531 0.784354 0.498441 0.54758 0.0127958 
9.3 -42.6964 512 -41.2095 0.0327946 0.597515 0.609839 0.826195 0.782367 1.04739 1.05084 1.28326 1.26802 1.39586 1.33569 1.41166 1.3037 1.33828 1.22271 1.14912 0.947074 0.909508 0.811796 0.783903 0.510762 0.556694 0.0128346 
9.4 -42.6964 512 -41.2096 0.0343344 0.587907 0.610408 0.820234 0.77698 1.05419 1.06385 1.28915 1.26467 1.39382 1.33752 1.41187 1.29887 1.33744 1.22994 1.16073 0.954459 0.913966 0.80973 0.781917 0.522513 0.563917 0.0129518 
9.5 -42.6964 512 -41.2098 0.0358773 0.576187 0.609201 0.814039 0.772317 1.06122 1.07551 1.29386 1.26101 1.39158 1.33956 1.41191 1.29462 1.33624 1.23514 1.17109 0.962712 0.919559 0.806516 0.778465 0.533578 0.569163 0.0131741 
9.6 -42.6964 512 -41.2099 0.0374145 0.562447 0.606225 0.80775 0.768498 1.06827 1.08557 1.29744 1.25741 1.38949 1.34182 1.4119 1.29131 1.33506 1.23838 1.18001 0.97165 0.926235 0.802355 0.773652 0.543827 0.572351 0.0135274 
9.7 -42.6964 512 -41.21 0.0389352 0.546799 0.601513 0.801499 0.765586 1.07512 1.0939 1.29996 1.25422 1.38783 1.34428 1.41194 1.28919 1.33424 1.23984 1.18738 0.981063 0.933874 0.797455 0.767626 0.553127 0.573412 0.0140359 
9.8 -42.6964 512 -41.2102 0.0404252 0.52938 0.595122 0.795401 0.763584 1.08151 1.10047 1.30155 1.25174 1.38684 1.34692 1.41213 1.28844 1.33407 1.2398 1.19317 0.990731 0.942295 0.792021 0.760573 0.56134 0.572282 0.0147205 
9.9 -42.6964 512 -41.2103 0.0418663 0.510349 0.587134 0.789551 0.762442 1.08723 1.10534 1.30235 1.25024 1.3867 1.34968 1.41253 1.28917 1.33479 1.2386 1.19742 1.00044 0.951264 0.786243 0.752714 0.568334 0.56891 0.0155976 
10 -42.6964 512 -41.2105 0.0432359 0.489885 0.577658 0.78402 0.762059 1.0921 1.10869 1.30253 1.24988 1.38748 1.3525 1.41318 1.29137 1.33651 1.23663 1.20027 1.00999 0.960509 0.780291 0.744294 0.573981 0.563255 0.0166772 
10.1 -42.6964 512 -41.2106 0.0445072 0.46819 0.566819 0.778853 0.762294 1.09595 1.11073 1.30226 1.25077 1.38921 1.35532 1.41406 1.29495 1.33926 1.23429 1.2019 1.01921 0.969739 0.774305 0.735575 0.578168 0.555295 0.0179624 
10.2 -42.6964 512 -41.2108 0.0456502 0.445482 0.554766 0.774061 0.762985 1.09869 1.11175 1.30169 1.25295 1.39182 1.35805 1.41516 1.29979 1.34299 1.23192 1.20255 1.028 0.97866 0.768392 0.726823 0.580798 0.545024 0.019448 
10.3 -42.6964 512 -41.211 0.0466334 0.421997 0.54166 0.769629 0.763959 1.10028 1.11202 1.30098 1.25636 1.39521 1.36061 1.41639 1.30569 1.34755 1.22985 1.2025 1.03625 0.986999 0.762631 0.718295 0.581794 0.532463 0.0211198 
10.4 -42.6964 512 -41.2111 0.0474254 0.397981 0.527679 0.765509 0.765054 1.10071 1.11182 1.30024 1.26089 1.39919 1.3629 1.41766 1.3124 1.35272 1.22829 1.20202 1.04396 0.994514 0.757071 0.71023 0.581099 0.517659 0.0229551 
10.5 -42.6964 512 -41.2113 0.047997 0.373688 0.513009 0.761631 0.766134 1.10005 1.11137 1.29959 1.26638 1.40358 1.36479 1.41887 1.31968 1.35829 1.22737 1.20139 1.05112 1.00101 0.751738 0.702831 0.578686 0.500696 0.0249229 
10.6 -42.6964 512 -41.2115 0.0483238 0.349377 0.497846 0.757901 0.767095 1.09839 1.11083 1.2991 1.2726 1.40816 1.36616 1.41989 1.32725 1.364 1.22711 1.20088 1.05777 1.00636 0.746643 0.69626 0.574549 0.481694 0.0269849 
10.7 -42.6964 512 -41.2116 0.0483881 0.325303 0.48239 0.754211 0.767879 1.09586 1.11031 1.29882 1.27932 1.41272 1.36688 1.42063 1.33485 1.36963 1.22746 1.2007 1.06399 1.01047 0.741791 0.690629 0.56871 0.460816 0.029097 
10.8 -42.6964 512 -41.2118 0.0481809 0.301714 0.466844 0.750444 0.768468 1.09259 1.10981 1.29877 1.28628 1.41706 1.36679 1.42099 1.34221 1.37499 1.22827 1.20099 1.06983 1.01334 0.737186 0.685997 0.561218 0.438266 0.0312113 
10.9 -42.6964 512 -41.212 0.0477026 0.278845 0.45141 0.746483 0.768881 1.0887 1.10929 1.29898 1.2932 1.42099 1.36579 1.42091 1.34906 1.37991 1.22935 1.20185 1.07536 1.01499 0.73284 0.682364 0.552146 0.414292 0.033278 
11 -42.6964 512 -41.2122 0.0469646 0.256916 0.436282 0.742215 0.769164 1.08432 1.10865 1.29941 1.29984 1.42438 1.36377 1.42036 1.3552 1.3843 1.2305 1.2033 1.0806 1.0155 0.728777 0.679682 0.541594 0.389181 0.0352473 
11.1 -42.6964 512 -41.2124 0.0459883 0.236128 0.421644 0.737541 0.769375 1.07953 1.10776 1.30003 1.30593 1.42708 1.36067 1.41933 1.36041 1.38807 1.23152 1.20531 1.08554 1.01496 0.72504 0.677856 0.529684 0.363254 0.0370718 
11.2 -42.6964 512 -41.2126 0.0448048 0.216667 0.407665 0.732382 0.769569 1.07442 1.10647 1.30079 1.31125 1.42903 1.35649 1.41788 1.36455 1.39117 1.23222 1.20777 1.0901 1.01345 0.721683 0.676752 0.516562 0.336866 0.0387077 
11.3 -42.6964 512 -41.2127 0.0434531 0.198699 0.394495 0.726682 0.769788 1.069 1.10467 1.30163 1.31561 1.43016 1.35127 1.41607 1.3675 1.39359 1.23248 1.21057 1.09419 1.01107 0.718774 0.676212 0.502396 0.310387 0.0401167 
11.4 -42.6964 512 -41.2129 0.041978 0.182371 0.382262 0.720413 0.770047 1.06329 1.10224 1.30246 1.31884 1.43046 1.34514 1.41401 1.3692 1.3953 1.23222 1.21356 1.09764 1.00789 0.716387 0.676057 0.487373 0.284201 0.0412669 
11.5 -42.6964 512 -41.2131 0.0404278 0.167816 0.371068 0.713576 0.770327 1.05729 1.09912 1.30319 1.32083 1.42994 1.33829 1.4118 1.36967 1.3963 1.2314 1.2166 1.10026 1.00395 0.714593 0.676103 0.471699 0.25869 0.0421334 
11.6 -42.6964 512 -41.2133 0.0388513 0.155146 0.360992 0.706202 0.770585 1.05098 1.09527 1.30372 1.32154 1.42862 1.33097 1.40959 1.36896 1.39659 1.23006 1.21957 1.10186 0.999247 0.713451 0.676162 0.455594 0.234227 0.0426992 
11.7 -42.6964 512 -41.2135 0.0372958 0.144456 0.352085 0.698345 0.770747 1.04435 1.09072 1.30395 1.32096 1.42658 1.32347 1.40748 1.36717 1.39617 1.22829 1.22238 1.10223 0.993785 0.712995 0.676056 0.43929 0.211158 0.0429552 
11.8 -42.6964 512 -41.2137 0.0358049 0.135819 0.34438 0.690081 0.770726 1.03741 1.08552 1.30377 1.31916 1.42389 1.31611 1.40556 1.36447 1.39506 1.22619 1.22496 1.10121 0.987537 0.713231 0.675615 0.423027 0.189799 0.0429005 
11.9 -42.6964 512 -41.2139 0.0344168 0.129282 0.337886 0.681503 0.770429 1.03016 1.07977 1.3031 1.31626 1.42066 1.30922 1.40391 1.36105 1.3933 1.22392 1.2273 1.09867 0.980478 0.714125 0.674687 0.407047 0.170419 0.0425428 
12 -42.6964 512 -41.2141 0.0331626 0.124864 0.332599 0.672711 0.769769 1.02265 1.07358 1.30184 1.3124 1.41699 1.30314 1.40259 1.35709 1.39092 1.22164 1.2294 1.09454 0.972593 0.715601 0.673136 0.391591 0.153241 0.0418984 
12.1 -42.6964 512 -41.2144 0.0320661 0.122554 0.328503 0.663808 0.768675 1.01494 1.06709 1.29994 1.30778 1.41301 1.29813 1.4016 1.35281 1.38801 1.21952 1.23127 1.0888 0.963889 0.717546 0.670848 0.376893 0.138429 0.0409919 
12.2 -42.6964 512 -41.2146 0.0311425 0.122309 0.325573 0.65489 0.767096 1.00713 1.06045 1.29733 1.3026 1.40882 1.29443 1.40095 1.34838 1.38467 1.21772 1.23292 1.08152 0.954406 0.719814 0.667727 0.363173 0.126094 0.0398564 
12.3 -42.6964 512 -41.2148 0.0303984 0.124054 0.323776 0.646048 0.765014 0.999304 1.05378 1.294 1.29705 1.40453 1.2922 1.40061 1.34394 1.38099 1.21637 1.23438 1.07282 0.944224 0.722235 0.663699 0.350632 0.116286 0.0385324 
12.4 -42.6964 512 -41.215 0.0298318 0.127681 0.323074 0.637357 0.762438 0.991588 1.04722 1.28993 1.29131 1.40024 1.29149 1.40051 1.3396 1.37711 1.21558 1.23564 1.0629 0.93347 0.724626 0.658711 0.339449 0.109002 0.0370678 
12.5 -42.6964 512 -41.2152 0.029432 0.133052 0.32342 0.62888 0.759407 0.984102 1.04088 1.28513 1.28552 1.39601 1.29227 1.40058 1.33538 1.37314 1.21544 1.23667 1.05197 0.922314 0.726806 0.652736 0.329772 0.104188 0.0355159 
12.6 -42.6964 512 -41.2154 0.0291807 0.139997 0.324761 0.620671 0.755987 0.976961 1.03487 1.27963 1.27975 1.39191 1.29438 1.40073 1.33129 1.3692 1.21598 1.23742 1.0403 0.910968 0.728605 0.645769 0.321715 0.101742 0.0339346 
12.7 -42.6964 512 -41.2157 0.0290524 0.14832 0.327029 0.612771 0.752267 0.970273 1.02926 1.27347 1.27406 1.38797 1.2976 1.40083 1.32727 1.36538 1.21719 1.23785 1.02816 0.899678 0.729879 0.637833 0.315356 0.101522 0.0323843 
12.8 -42.6964 512 -41.2159 0.0290163 0.157801 0.330145 0.605221 0.748354 0.964128 1.02413 1.26668 1.26841 1.3842 1.3016 1.40079 1.32323 1.36171 1.21901 1.23788 1.01584 0.888708 0.730511 0.628983 0.310736 0.103353 0.0309259 
12.9 -42.6964 512 -41.2161 0.0290375 0.168202 0.334012 0.598059 0.744365 0.958591 1.01954 1.25932 1.26274 1.38058 1.306 1.4005 1.31906 1.35823 1.22134 1.23744 1.0036 0.878325 0.730423 0.619303 0.307856 0.107033 0.0296183 
13 -42.6964 512 -41.2163 0.0290791 0.17927 0.338521 0.591332 0.740426 0.953703 1.01553 1.25142 1.25695 1.37708 1.31042 1.39988 1.31464 1.35491 1.22402 1.23645 0.991671 0.868776 0.729574 0.608909 0.306678 0.11234 0.0285154 
13.1 -42.6964 512 -41.2166 0.0291043 0.190745 0.34355 0.585095 0.736664 0.949479 1.01215 1.243 1.25093 1.37363 1.31446 1.39883 1.30987 1.35168 1.22687 1.23485 0.980261 0.860273 0.727962 0.597948 0.307131 0.119039 0.027664 
13.2 -42.6964 512 -41.2168 0.0290781 0.202371 0.348967 0.579414 0.733201 0.945906 1.00942 1.23409 1.24453 1.37016 1.31775 1.39731 1.30466 1.34846 1.22966 1.23259 0.969542 0.852975 0.72562 0.586595 0.30911 0.126892 0.0271009 
13.3 -42.6964 512 -41.217 0.0289694 0.213898 0.354636 0.574366 0.730154 0.942949 1.00736 1.22469 1.23762 1.36657 1.32 1.39526 1.29896 1.34516 1.23215 1.22961 0.959645 0.846976 0.722609 0.575047 0.312482 0.135658 0.0268507 
13.4 -42.6964 512 -41.2172 0.0287524 0.225094 0.360421 0.570039 0.727626 0.940551 1.00594 1.21482 1.23011 1.36276 1.32096 1.39265 1.29275 1.34166 1.23406 1.22585 0.950672 0.842301 0.719017 0.56352 0.317089 0.145105 0.0269245 
13.5 -42.6964 512 -41.2175 0.0284085 0.235747 0.36619 0.566523 0.725707 0.938642 1.00513 1.20447 1.22188 1.35864 1.32048 1.38946 1.28603 1.33786 1.23515 1.22129 0.942694 0.838907 0.71495 0.552235 0.322752 0.155006 0.0273191 
13.6 -42.6964 512 -41.2177 0.0279274 0.245674 0.371824 0.563907 0.724469 0.937141 1.00486 1.19365 1.21289 1.35411 1.3185 1.38569 1.27884 1.33367 1.23516 1.21587 0.935759 0.836695 0.710526 0.541413 0.329274 0.16515 0.0280169 
13.7 -42.6964 512 -41.218 0.0273079 0.254719 0.377214 0.56227 0.723967 0.935963 1.00503 1.1824 1.2031 1.3491 1.31501 1.38133 1.27126 1.32906 1.23385 1.20955 0.929892 0.835522 0.705873 0.531264 0.336445 0.175341 0.0289866 
13.8 -42.6964 512 -41.2182 0.0265591 0.262758 0.382271 0.561676 0.724239 0.935022 1.00553 1.17075 1.19253 1.34355 1.31008 1.37644 1.2634 1.32399 1.23104 1.20231 0.925106 0.835221 0.701125 0.521978 0.344047 0.185397 0.030185 
13.9 -42.6964 512 -41.2184 0.0257004 0.269698 0.386921 0.562166 0.725305 0.93424 1.00623 1.15879 1.18124 1.33745 1.30384 1.37104 1.25537 1.31848 1.22655 1.19412 0.921392 0.835617 0.696418 0.513715 0.35186 0.195152 0.0315593 
14 -42.6964 512 -41.2187 0.0247615 0.275475 0.39111 0.563756 0.727169 0.933544 1.00697 1.14659 1.16931 1.33078 1.29644 1.36523 1.24733 1.31258 1.22029 1.18497 0.918731 0.836547 0.691891 0.506604 0.359663 0.204458 0.0330491 
14.1 -42.6964 512 -41.2189 0.0237818 0.28005 0.394803 0.566435 0.729819 0.932877 1.00764 1.1343 1.15688 1.32359 1.28805 1.35909 1.23942 1.30637 1.2122 1.17485 0.917083 0.837865 0.687683 0.500732 0.367247 0.21318 0.0345899 
14.2 -42.6964 512 -41.2192 0.0228089 0.283412 0.397978 0.570163 0.73323 0.932191 1.0081 1.12205 1.14409 1.31592 1.27885 1.35275 1.23181 1.29993 1.2023 1.16381 0.91639 0.839453 0.683931 0.49615 0.374415 0.221195 0.0361154 
14.3 -42.6964 512 -41.2194 0.0218965 0.285571 0.400628 0.574876 0.737361 0.931455 1.00826 1.11001 1.13114 1.30784 1.26903 1.34632 1.22466 1.29339 1.19066 1.1519 0.916575 0.841221 0.680771 0.492874 0.380992 0.228397 0.0375611 
14.4 -42.6964 512 -41.2197 0.0211012 0.286557 0.402755 0.580489 0.742159 0.930652 1.00805 1.09837 1.11822 1.29941 1.25874 1.33993 1.21808 1.28683 1.1774 1.13923 0.917537 0.843099 0.678331 0.490886 0.386826 0.23469 0.0388665 
14.5 -42.6964 512 -41.2199 0.0204795 0.286418 0.404368 0.586898 0.747553 0.929778 1.00742 1.08731 1.10553 1.2907 1.24815 1.33368 1.2122 1.28034 1.16271 1.12593 0.919152 0.845039 0.676728 0.490143 0.391799 0.239994 0.0399778 
14.6 -42.6964 512 -41.2202 0.0200831 0.285217 0.405481 0.593988 0.753462 0.928842 1.00637 1.07699 1.09329 1.28177 1.23735 1.32767 1.20707 1.274 1.14684 1.11219 0.921277 0.847002 0.67606 0.49058 0.395823 0.244239 0.0408505 
14.7 -42.6964 512 -41.2204 0.0199554 0.283034 0.406111 0.601633 0.759789 0.927861 1.00493 1.06758 1.08168 1.27264 1.22646 1.32196 1.20269 1.26782 1.13005 1.09819 0.923754 0.848954 0.676404 0.492117 0.398849 0.247377 0.0414514 
14.8 -42.6964 512 -41.2207 0.0201273 0.279961 0.406275 0.609703 0.766426 0.92686 1.00313 1.0592 1.07088 1.26332 1.21553 1.31655 1.19903 1.26182 1.11265 1.08419 0.926415 0.850864 0.677803 0.494664 0.400861 0.249371 0.0417602 
14.9 -42.6964 512 -41.2209 0.0206143 0.276104 0.405996 0.618068 0.773255 0.925867 1.00108 1.05194 1.06102 1.25382 1.20458 1.31144 1.19598 1.25594 1.09497 1.07043 0.929095 0.852703 0.680267 0.498123 0.401879 0.250209 0.0417711 
15 -42.6964 512 -41.2212 0.0214144 0.27158 0.4053 0.626603 0.780156 0.924914 0.998861 1.04586 1.05222 1.24408 1.19364 1.30656 1.19336 1.25013 1.07733 1.05715 0.931642 0.854444 0.683767 0.50239 0.401954 0.249895 0.0414935 
15.1 -42.6964 512 -41.2214 0.0225072 0.266519 0.40422 0.635184 0.787003 0.924031 0.996602 1.04096 1.04455 1.23407 1.18271 1.30184 1.19097 1.24428 1.06007 1.04459 0.933924 0.856066 0.688232 0.507361 0.401166 0.248458 0.0409522 
15.2 -42.6964 512 -41.2217 0.0238547 0.261062 0.402794 0.643695 0.793674 0.923248 0.99442 1.0372 1.03804 1.22371 1.17177 1.29716 1.18854 1.23827 1.04346 1.03297 0.935843 0.85756 0.693555 0.512929 0.399611 0.245945 0.0401868 
