t=0 enPsi maxBondDim enPhi svn(x) 
0 -247.282 8 -247.072 0.0297019 0.0278539 0.0278614 0.0278611 0.0278611 0.0278611 0.0278611 0.0278611 0.0278611 0.0278611 0.0278611 0.0278611 0.0278611 0.0278611 0.0278611 0.0278611 0.0278611 0.0278611 0.0278611 0.0278611 0.0278614 0.0278539 0.029702 
0.1 -247.282 8 -247.072 -9.83845e-09 -1.13603e-07 -9.81822e-08 -9.85306e-08 -9.85317e-08 -9.85317e-08 -9.8527e-08 -9.78794e-08 7.7013e-07 2.72224e-05 0.0241074 0.0241069 2.63487e-05 7.43347e-07 -1.07848e-07 -8.0772e-08 -1.01195e-07 -9.55167e-08 -4.31162e-08 -9.30699e-08 -9.36893e-08 -2.74521e-07 3.89281e-06 
0.2 -247.282 8 -247.072 6.8611e-09 -2.33326e-07 -1.96333e-07 -1.97388e-07 -1.97384e-07 -1.97382e-07 -1.96649e-07 -1.95457e-07 8.95709e-06 -5.40998e-06 0.0506798 0.0506777 -9.22476e-06 8.52085e-06 -1.40608e-07 -4.91216e-07 -2.8023e-07 -1.59774e-07 -3.80535e-07 -9.25585e-08 -4.21341e-07 9.57613e-07 -9.80898e-06 
0.3 -247.282 8 -247.072 2.01986e-08 -1.51867e-07 -1.22987e-07 -1.24076e-07 -1.24057e-07 -1.24061e-07 -1.20954e-07 -1.62387e-07 2.01462e-05 -0.000134015 0.0395676 0.0395621 -0.00014305 1.99524e-05 -4.63964e-08 -2.21365e-07 -3.15396e-07 -3.76503e-07 -7.99423e-07 -4.81758e-07 -1.05256e-06 1.09875e-06 -5.53935e-07 
0.4 -247.282 8 -247.072 9.93585e-09 -9.42544e-09 -5.42747e-09 -5.66159e-09 -5.64625e-09 -5.67971e-09 8.79137e-11 -1.20138e-07 1.17593e-05 -9.75438e-05 0.00634339 0.00633134 -0.000112155 1.24984e-05 -9.74934e-08 2.15896e-07 -1.03333e-07 1.5685e-07 -1.23954e-07 -1.83566e-07 3.2352e-07 -8.0799e-07 9.1108e-06 
0.5 -247.282 8 -247.072 -3.18417e-09 -5.14406e-08 -4.82357e-08 -4.79583e-08 -4.79726e-08 -4.80316e-08 -4.60548e-08 -1.05051e-07 -1.28288e-05 0.000162336 0.00871604 0.00870199 0.000144745 -1.22058e-05 -1.186e-07 4.74395e-08 1.45957e-07 5.20323e-08 1.05094e-07 8.09655e-07 1.88305e-06 -1.41178e-06 4.80224e-06 
0.6 -247.282 8 -247.072 -6.29948e-10 -2.0631e-07 -1.77431e-07 -1.78021e-07 -1.78043e-07 -1.78039e-07 -1.8575e-07 -3.59999e-09 -1.24072e-05 0.000225867 0.0420282 0.0420138 0.000201413 -1.306e-05 -2.442e-07 -2.83847e-07 -7.68954e-08 -3.02356e-07 1.39752e-07 4.75834e-07 3.08974e-07 -6.70429e-09 -6.82927e-06 
0.7 -247.282 8 -247.072 1.02905e-08 -2.06919e-07 -1.67967e-07 -1.6953e-07 -1.69512e-07 -1.69371e-07 -1.76688e-07 3.0731e-08 2.29674e-05 -0.000104394 0.0497653 0.0497429 -0.000145198 2.14687e-05 1.06317e-07 -1.31155e-07 5.25974e-08 -5.17353e-07 -3.79442e-07 -9.68122e-07 -2.18042e-06 1.81958e-06 -7.53858e-06 
0.8 -247.282 8 -247.072 1.399e-08 -5.17496e-08 -3.63843e-08 -3.72375e-08 -3.7195e-08 -3.72016e-08 -2.63329e-08 -2.46479e-07 3.78682e-05 -0.000297974 0.0210711 0.02103 -0.000353142 3.83959e-05 -1.20448e-07 3.01945e-07 -1.67683e-07 1.18924e-07 -4.08225e-07 -1.15161e-06 -1.47119e-06 -1.91686e-07 1.56075e-06 
0.9 -247.282 8 -247.072 7.61167e-09 -8.62535e-09 -1.18637e-08 -1.13555e-08 -1.13526e-08 -1.16382e-08 9.34672e-09 -4.6648e-07 -1.9147e-06 8.68203e-05 0.000303185 0.000252327 3.30909e-05 2.9825e-07 -6.16228e-07 -1.40026e-07 -2.44991e-07 4.99896e-07 -5.97355e-08 2.62752e-07 2.48103e-06 -1.48848e-06 9.48548e-06 
1 -247.282 8 -247.072 8.83463e-10 -1.51933e-07 -1.36714e-07 -1.36546e-07 -1.36588e-07 -1.36842e-07 -1.39579e-07 -4.99923e-08 -3.69153e-05 0.000499309 0.0273258 0.0272881 0.000445309 -3.68027e-05 -1.00553e-07 -6.54267e-07 -3.31093e-07 3.30279e-08 1.35127e-07 9.56937e-07 1.2544e-06 -6.65501e-07 2.10152e-06 
1.1 -247.282 8 -247.072 -8.67514e-10 -2.3416e-07 -1.92805e-07 -1.94331e-07 -1.94341e-07 -1.94058e-07 -2.25036e-07 5.18301e-07 -1.8095e-06 0.000209501 0.0516086 0.0515665 0.000126685 -4.32634e-06 4.59321e-07 -4.39832e-08 2.62984e-07 -1.81212e-07 -2.37475e-07 -6.77167e-07 -2.7335e-06 1.4017e-06 -9.50614e-06 
1.2 -247.282 8 -247.072 7.94244e-09 -1.13155e-07 -8.31949e-08 -8.48111e-08 -8.47615e-08 -8.41418e-08 -9.40353e-08 1.18959e-07 5.41312e-05 -0.000380328 0.0371106 0.0370389 -0.000494004 5.31928e-05 3.12461e-07 5.90028e-07 1.19248e-09 -6.70702e-07 -3.72313e-07 -1.04566e-06 -1.4175e-07 9.7683e-07 -6.9949e-06 
1.3 -247.282 8 -247.072 1.66597e-08 5.29504e-10 -7.72881e-10 -5.84095e-10 -5.52363e-10 -6.42778e-10 4.04424e-08 -8.97397e-07 3.40975e-05 -0.000220391 0.00434879 0.00425241 -0.000320621 3.66274e-05 -7.86454e-07 -1.88985e-08 -1.91331e-07 -4.83258e-07 5.60816e-07 4.31259e-07 1.50697e-06 -6.04152e-07 7.06027e-06 
1.4 -247.282 8 -247.072 1.03334e-08 -8.87845e-08 -8.77875e-08 -8.69652e-08 -8.69989e-08 -8.80287e-08 -5.26289e-08 -7.45882e-07 -3.91116e-05 0.000558636 0.0114873 0.0114178 0.000484167 -3.74722e-05 -9.82465e-07 -5.87668e-07 -5.21679e-07 4.29761e-07 1.99534e-07 5.8065e-07 2.45829e-06 -8.56615e-07 9.72294e-06 
1.5 -247.282 8 -247.072 -5.06121e-09 -2.24685e-07 -1.89577e-07 -1.90522e-07 -1.90551e-07 -1.90936e-07 -2.27676e-07 7.3684e-07 -4.35877e-05 0.000689632 0.0445739 0.0445176 0.000578977 -4.61128e-05 4.30639e-07 -1.74643e-07 2.85817e-08 3.5271e-07 -8.73911e-07 -3.72075e-07 -2.36692e-06 1.38918e-07 -2.84549e-06 
1.6 -247.282 8 -247.072 -5.30843e-09 -1.72883e-07 -1.30296e-07 -1.32379e-07 -1.32345e-07 -1.3107e-07 -1.9277e-07 1.13995e-06 3.86248e-05 -0.000142486 0.0487484 0.0486525 -0.000320378 3.57314e-05 1.59131e-06 4.02785e-07 3.56538e-07 -5.03845e-07 -6.60587e-07 -7.51246e-07 -2.13109e-06 4.89747e-07 -1.16179e-05 
1.7 -247.282 8 -247.072 1.6733e-08 -2.57558e-08 -1.71018e-08 -1.7638e-08 -1.76051e-08 -1.66031e-08 5.49163e-09 -6.61384e-07 7.44821e-05 -0.000581952 0.0180859 0.0179464 -0.000744452 7.60235e-05 -1.3569e-07 4.0769e-08 -2.10059e-07 -8.5651e-07 7.52367e-07 6.10196e-07 3.03492e-06 2.03611e-07 -2.05329e-06 
1.8 -247.282 8 -247.072 2.35139e-08 -3.85902e-08 -4.71896e-08 -4.61888e-08 -4.62125e-08 -4.7642e-08 4.30887e-08 -1.90271e-06 -4.77798e-06 0.000243797 0.00117264 0.00105571 0.000155553 -1.2702e-06 -2.29883e-06 -4.83797e-07 -6.51792e-07 4.93736e-07 6.08667e-07 2.59202e-07 2.31189e-06 -7.43673e-07 1.07132e-05 
1.9 -247.282 8 -247.072 5.77718e-10 -1.83712e-07 -1.6176e-07 -1.61891e-07 -1.61907e-07 -1.63827e-07 -1.49681e-07 -7.56354e-08 -7.45098e-05 0.00105357 0.0307564 0.0306946 0.000950102 -7.55289e-05 -7.3984e-07 -1.80356e-07 -4.85121e-08 8.36341e-07 -9.1239e-07 -1.05624e-06 -3.05698e-06 -7.31557e-07 6.37716e-06 
2 -247.282 8 -247.072 -1.64871e-08 -2.09724e-07 -1.60997e-07 -1.62983e-07 -1.62962e-07 -1.61961e-07 -2.67206e-07 2.21761e-06 -1.20511e-05 0.000443624 0.0524179 0.0523214 0.000237452 -1.63287e-05 2.71441e-06 7.7447e-08 5.10019e-07 -4.81423e-07 -8.19078e-07 -8.51995e-07 -2.79252e-06 2.97185e-07 -8.89425e-06 
2.1 -247.282 9 -247.072 5.03727e-09 -7.6632e-08 -5.33109e-08 -5.46104e-08 -5.45598e-08 -5.16222e-08 -1.12759e-07 8.25434e-07 8.79181e-05 -0.000701235 0.034454 0.0342947 -0.000898261 8.80763e-05 1.62186e-06 4.55551e-08 -2.11571e-08 -1.05874e-06 6.10624e-07 1.12922e-06 3.64239e-06 3.84274e-07 -1.03737e-05 
2.2 -247.282 9 -247.072 2.94192e-08 -2.3636e-08 -3.42512e-08 -3.38223e-08 -3.38674e-08 -3.38018e-08 7.10055e-08 -2.56126e-06 5.59819e-05 -0.000388161 0.00267119 0.00252468 -0.000446271 6.12086e-05 -2.99045e-06 -2.92715e-07 -7.56698e-07 5.36856e-08 1.06695e-06 -1.12934e-07 4.3867e-06 4.01572e-07 4.08822e-06 
2.3 -247.282 9 -247.072 3.66072e-08 -1.01623e-07 -9.56212e-08 -9.41045e-08 -9.41467e-08 -9.88001e-08 2.13078e-08 -2.1148e-06 -6.56102e-05 0.00100403 0.014635 0.0145705 0.000975011 -6.42599e-05 -3.08572e-06 -1.66641e-07 -3.35011e-07 9.86932e-07 -5.06669e-07 -1.4025e-06 -2.65874e-06 -4.82041e-07 1.20934e-05 
2.4 -247.282 9 -247.072 1.42597e-08 -1.6839e-07 -1.25223e-07 -1.23426e-07 -1.23334e-07 -1.25317e-07 -1.99817e-07 2.18517e-06 -7.51584e-05 0.00116598 0.0470754 0.0469932 0.000992115 -8.03967e-05 2.33443e-06 1.13586e-07 6.04284e-07 -7.29748e-08 -1.40783e-06 -1.30344e-07 -5.48897e-06 -7.54809e-07 8.22484e-07 
2.5 -247.282 8 -247.072 -1.371e-10 -1.16423e-07 -8.02532e-08 -8.13005e-08 -8.12323e-08 -7.61108e-08 -2.49697e-07 3.27963e-06 5.40934e-05 -0.000343124 0.0473873 0.0472337 -0.000546587 5.12168e-05 4.2846e-06 -3.53468e-08 3.88143e-07 -1.21132e-06 2.23667e-08 1.3773e-06 1.04401e-06 1.97788e-07 -1.20155e-05 
2.6 -247.282 9 -247.072 2.42799e-08 -3.87063e-08 -4.0008e-08 -4.34349e-08 -4.35819e-08 -3.87331e-08 -2.02516e-08 -1.46919e-06 0.0001119 -0.00105246 0.0150185 0.0148781 -0.00105521 0.000116532 -1.39853e-06 -2.43467e-07 -7.26038e-07 -3.27585e-07 1.61577e-06 1.9343e-07 5.62541e-06 7.70733e-07 -5.93875e-06 
2.7 -247.282 9 -247.072 1.55925e-08 -1.03882e-07 -1.05524e-07 -1.07112e-07 -1.07242e-07 -1.11752e-07 1.0384e-07 -4.59994e-06 -7.16569e-06 0.000402921 0.00257343 0.00252278 0.000495503 -3.09941e-06 -5.6788e-06 -3.17177e-07 -3.89315e-07 1.30645e-06 5.94821e-08 -1.56759e-06 1.72939e-06 4.21249e-07 9.13946e-06 
2.8 -247.282 9 -247.072 1.17897e-08 -1.53187e-07 -1.16587e-07 -1.15903e-07 -1.15763e-07 -1.24159e-07 -5.53732e-08 -7.87797e-08 -0.000113677 0.00166104 0.0343077 0.0342559 0.00157439 -0.000117737 -4.27884e-07 8.85315e-08 5.17565e-07 3.75968e-07 -1.8109e-06 -5.42491e-07 -5.38416e-06 -9.52721e-07 9.712e-06 
2.9 -247.282 9 -247.072 2.22631e-08 -1.06937e-07 -6.41363e-08 -6.29773e-08 -6.27523e-08 -6.07404e-08 -2.85025e-07 5.28639e-06 -2.35283e-05 0.000497911 0.0528688 0.0527335 0.000314843 -2.85216e-05 6.25449e-06 1.17064e-07 4.32012e-07 -1.43615e-06 -6.43417e-07 1.49391e-06 -3.36293e-06 -8.25624e-07 -5.32088e-06 
3 -247.282 8 -247.072 2.86089e-08 -5.5676e-08 -5.24723e-08 -5.20296e-08 -5.22008e-08 -4.09921e-08 -2.11674e-07 1.93438e-06 0.000124254 -0.00133631 0.0314107 0.0312859 -0.0012829 0.000127519 2.51302e-06 -2.82179e-07 -5.6056e-07 -7.41343e-07 1.57454e-06 6.33521e-07 4.38787e-06 7.47955e-07 -1.21221e-05 
3.1 -247.282 9 -247.072 2.39806e-08 -8.08984e-08 -8.78333e-08 -9.06535e-08 -9.10286e-08 -8.86395e-08 1.0648e-07 -5.56698e-06 8.12404e-05 -0.000621489 0.00133967 0.00132105 -0.000390221 8.69801e-05 -6.36036e-06 -3.35552e-07 -7.62717e-07 1.13627e-06 8.35505e-07 -1.76268e-06 4.51123e-06 9.32425e-07 3.49038e-07 
3.2 -247.282 9 -247.072 -1.61069e-08 -1.65727e-07 -1.34762e-07 -1.37418e-07 -1.37294e-07 -1.50321e-07 1.29649e-07 -4.40972e-06 -9.41113e-05 0.00157887 0.0181349 0.0181312 0.00161039 -9.61405e-05 -5.20207e-06 1.0047e-07 1.70213e-07 6.38123e-07 -1.22549e-06 -9.95273e-07 -3.68792e-06 -2.87507e-08 1.14635e-05 
3.3 -247.282 9 -247.072 5.09072e-09 -1.29174e-07 -8.24561e-08 -8.13555e-08 -8.07483e-08 -8.92784e-08 -2.02415e-07 4.75973e-06 -0.000111306 0.00153242 0.0493316 0.0492281 0.00137966 -0.000117352 5.31547e-06 1.79329e-07 7.04809e-07 -1.20792e-06 -1.24122e-06 1.60511e-06 -5.68567e-06 -1.19282e-06 4.28674e-06 
3.4 -247.282 9 -247.072 5.25055e-08 -5.17703e-08 -4.04437e-08 -3.83749e-08 -3.82938e-08 -2.59534e-08 -3.94538e-07 6.67853e-06 7.14624e-05 -0.000925157 0.0454776 0.0453634 -0.000840096 7.24573e-05 7.56226e-06 -3.122e-07 -1.23008e-07 -9.78278e-07 8.22963e-07 1.20713e-06 1.95347e-06 -3.44834e-07 -9.90639e-06 
3.5 -247.282 8 -247.072 4.32559e-08 -6.32056e-08 -7.55729e-08 -7.55777e-08 -7.63396e-08 -6.07337e-08 -7.39086e-08 -3.21057e-06 0.000156195 -0.00166637 0.011897 0.0119063 -0.00131089 0.000162177 -3.45551e-06 -3.78172e-07 -8.92849e-07 9.33153e-07 1.28189e-06 -1.65623e-06 6.07799e-06 1.09475e-06 -8.48236e-06 
3.6 -247.282 8 -247.072 -2.95348e-09 -1.26436e-07 -1.04818e-07 -1.07681e-07 -1.08025e-07 -1.1661e-07 3.05891e-07 -8.8864e-06 -9.52757e-06 0.000775718 0.00458902 0.00463457 0.000931166 -9.7303e-06 -9.67064e-06 2.67172e-07 -2.09624e-07 9.20729e-07 -8.30133e-07 -1.67711e-06 -3.03781e-07 3.01683e-07 6.39273e-06 
3.7 -247.282 9 -247.072 -3.51067e-08 -1.62551e-07 -1.11614e-07 -1.13358e-07 -1.12404e-07 -1.34761e-07 4.7907e-08 4.2001e-07 -0.000160735 0.00229656 0.0378309 0.0377651 0.0021605 -0.000166544 2.91715e-07 3.4299e-07 3.57886e-07 -8.52346e-07 -1.57422e-06 1.25437e-06 -6.3508e-06 -6.39113e-07 1.13685e-05 
3.8 -247.282 9 -247.072 3.13905e-09 -1.3153e-07 -1.10489e-07 -1.09547e-07 -1.08752e-07 -1.07222e-07 -5.20891e-07 1.01093e-05 -3.61838e-05 0.000178138 0.0527392 0.052634 0.000244757 -3.72651e-05 1.05856e-05 -5.51216e-07 -6.26897e-08 -1.38681e-06 4.58994e-07 2.14696e-06 -1.26929e-06 -1.58183e-06 -2.60794e-06 
3.9 -247.282 9 -247.072 6.68494e-08 -6.09388e-08 -7.38633e-08 -7.09739e-08 -7.18079e-08 -4.42486e-08 -4.11485e-07 2.90514e-06 0.000170412 -0.00219391 0.0280018 0.0280156 -0.00175735 0.000175124 2.8488e-06 -6.84208e-07 -5.25493e-07 4.9138e-07 1.50699e-06 -1.0435e-06 5.73832e-06 2.71409e-07 -1.2573e-05 
4 -247.282 9 -247.072 4.89474e-08 -4.91162e-08 -3.88285e-08 -3.89334e-08 -4.0254e-08 -3.15591e-08 3.03744e-07 -1.05354e-05 0.000110794 -0.00057685 0.000647442 0.000737939 -0.000301247 0.00011168 -1.11969e-05 3.24348e-07 -1.75001e-07 1.32045e-06 -2.97386e-07 -2.54384e-06 2.67523e-06 1.58009e-06 -2.66414e-06 
4.1 -247.282 9 -247.072 -1.60029e-08 -1.11018e-07 -6.31753e-08 -6.68447e-08 -6.6352e-08 -9.59065e-08 4.52773e-07 -6.97799e-06 -0.000132375 0.00236019 0.0219169 0.0218851 0.00223223 -0.000136977 -7.36702e-06 7.17363e-07 3.51499e-07 -4.29747e-07 -1.67597e-06 4.44198e-07 -4.97437e-06 -1.3007e-07 1.13031e-05 
4.2 -247.282 9 -247.072 -1.95254e-08 -1.56079e-07 -1.27817e-07 -1.27604e-07 -1.25808e-07 -1.47519e-07 -3.20574e-07 9.34143e-06 -0.000153726 0.0016019 0.0510992 0.0509961 0.001591 -0.000155219 9.44967e-06 -3.26402e-07 1.08286e-07 -1.52062e-06 -1.70562e-07 2.52581e-06 -4.08371e-06 -1.80976e-06 7.20815e-06 
4.3 -247.282 9 -247.072 4.40382e-08 -1.22791e-07 -1.30072e-07 -1.2694e-07 -1.26873e-07 -1.00295e-07 -7.86461e-07 1.08477e-05 9.93736e-05 -0.00179632 0.0429928 0.0429861 -0.001357 0.000102365 1.08988e-05 -1.03606e-06 -4.80636e-07 4.25477e-08 1.44795e-06 -1.13823e-07 3.53067e-06 -3.63165e-07 -8.40216e-06 
4.4 -247.282 9 -247.072 6.04528e-08 -4.71124e-08 -4.11199e-08 -3.90263e-08 -4.13522e-08 -5.9321e-09 -6.24583e-08 -6.86583e-06 0.000210366 -0.00199162 0.00910164 0.00920586 -0.00162382 0.000210838 -7.10552e-06 -5.53992e-08 -3.32964e-07 1.37121e-06 3.02902e-07 -2.70278e-06 4.77997e-06 1.65205e-06 -1.07902e-05 
4.5 -247.282 9 -247.072 1.00999e-08 -4.60235e-08 -5.90857e-09 -8.80083e-09 -9.65441e-09 -2.74796e-08 7.29328e-07 -1.44539e-05 -2.11556e-05 0.00153008 0.00725336 0.00725432 0.00141166 -2.42425e-05 -1.4759e-05 9.84387e-07 2.67995e-07 2.43098e-08 -1.47262e-06 -5.40302e-07 -2.16923e-06 5.56963e-07 3.80027e-06 
4.6 -247.282 9 -247.072 -2.0133e-08 -1.37081e-07 -1.05862e-07 -1.08746e-07 -1.06328e-07 -1.54114e-07 1.89298e-07 2.67955e-06 -0.000220019 0.00276239 0.0410626 0.0409551 0.0026406 -0.00022028 2.36868e-06 1.93137e-07 2.37732e-07 -1.48918e-06 -7.01865e-07 2.44304e-06 -5.29862e-06 -1.68246e-06 1.21671e-05 
4.7 -247.282 9 -247.072 1.70778e-08 -1.79682e-07 -1.80387e-07 -1.79054e-07 -1.76891e-07 -1.73913e-07 -8.98246e-07 1.67345e-05 -4.04164e-05 -0.00047067 0.0519335 0.051888 -0.000107822 -3.82726e-05 1.65021e-05 -1.15139e-06 -3.60311e-07 -3.91718e-07 1.12754e-06 8.55148e-07 4.14975e-07 -1.03734e-06 1.17895e-06 
4.8 -247.282 9 -247.072 5.48238e-08 -9.03874e-08 -8.21528e-08 -7.9091e-08 -8.10112e-08 -2.49284e-08 -6.69376e-07 2.50136e-06 0.000231693 -0.00281478 0.0246042 0.0246803 -0.00239979 0.000229849 2.58386e-06 -6.71862e-07 -4.34078e-07 1.25359e-06 7.32368e-07 -2.38141e-06 5.00492e-06 1.32143e-06 -1.17393e-05 
4.9 -247.282 9 -247.072 2.9279e-08 2.02417e-10 3.43712e-08 3.47164e-08 3.14742e-08 4.84893e-08 6.28969e-07 -1.76153e-05 0.00013415 -2.50838e-05 0.000813866 0.000850809 -0.000123771 0.000131301 -1.74854e-05 8.97668e-07 1.33886e-07 4.29131e-07 -1.05969e-06 -1.41912e-06 9.53271e-07 1.15295e-06 -6.18289e-06 
5 -247.282 9 -247.072 -5.27045e-09 -7.72244e-08 -5.10343e-08 -5.45354e-08 -5.34988e-08 -1.11593e-07 8.16594e-07 -8.72563e-06 -0.000188133 0.0031157 0.0256831 0.0255757 0.00288466 -0.000185393 -9.10832e-06 8.37847e-07 2.9748e-07 -1.30457e-06 -1.01082e-06 1.90787e-06 -4.55356e-06 -1.18645e-06 8.982e-06 
5.1 -247.282 9 -247.072 4.11519e-09 -2.05816e-07 -2.0325e-07 -2.04714e-07 -2.00624e-07 -2.41223e-07 -5.54285e-07 1.59891e-05 -0.000192625 0.00132849 0.0521884 0.0520978 0.00156572 -0.000189443 1.54705e-05 -8.2984e-07 -2.17345e-07 -7.46909e-07 6.63723e-07 1.58229e-06 -2.3945e-06 -1.47666e-06 9.76323e-06 
5.2 -247.282 9 -247.072 3.61673e-08 -1.62021e-07 -1.46327e-07 -1.45319e-07 -1.44598e-07 -9.36179e-08 -1.23093e-06 1.42612e-05 0.000146278 -0.00252967 0.0402562 0.0402743 -0.00211922 0.000141882 1.46709e-05 -1.26013e-06 -4.65283e-07 1.01184e-06 9.00444e-07 -1.68002e-06 3.39164e-06 6.91695e-07 -4.93829e-06 
5.3 -247.282 9 -247.072 3.51844e-08 2.10117e-09 4.01019e-08 4.09199e-08 3.59669e-08 9.96454e-08 4.81575e-08 -1.31019e-05 0.000263758 -0.00176806 0.00692065 0.00697078 -0.001837 0.000258727 -1.21704e-05 3.42466e-07 -2.7339e-09 7.24776e-07 -5.83846e-07 -1.95017e-06 3.17428e-06 1.39828e-06 -1.19132e-05 
5.4 -247.282 9 -247.072 1.07565e-08 -5.3823e-10 1.44509e-08 1.62701e-08 1.37413e-08 -2.07763e-08 1.21673e-06 -2.01106e-05 -5.30162e-05 0.00238731 0.0102296 0.0101397 0.00207758 -4.7439e-05 -2.03247e-05 1.27345e-06 3.03735e-07 -1.02225e-06 -1.0459e-06 1.10708e-06 -2.26855e-06 -5.07034e-07 -2.05052e-07 
5.5 -247.282 9 -247.072 9.02183e-09 -1.84105e-07 -1.90032e-07 -1.89857e-07 -1.85184e-07 -2.69365e-07 2.21635e-07 7.13383e-06 -0.000281965 0.00289145 0.0437118 0.0435847 0.00300106 -0.000275039 5.86515e-06 -7.92974e-08 -8.52265e-08 -9.80799e-07 2.21744e-07 1.89284e-06 -3.8241e-06 -1.50665e-06 1.16472e-05 
5.6 -247.282 9 -247.072 2.16913e-08 -2.32237e-07 -2.09332e-07 -2.12009e-07 -2.0707e-07 -1.9859e-07 -1.38102e-06 2.35109e-05 -2.42559e-05 -0.00109696 0.0506877 0.0506346 -0.000721638 -3.1027e-05 2.34363e-05 -1.4595e-06 -4.43174e-07 7.12012e-07 8.20411e-07 -8.47771e-07 7.00037e-07 5.24334e-08 4.98137e-06 
5.7 -247.282 9 -247.072 2.55032e-08 -4.69485e-08 3.04897e-09 1.90909e-09 -1.60122e-09 9.47243e-08 -8.49232e-07 -3.69608e-07 0.000298544 -0.00293562 0.0214987 0.0215214 -0.00296891 0.000288736 1.20864e-06 -5.29264e-07 -1.37164e-07 8.88174e-07 -2.17661e-07 -2.03855e-06 3.67731e-06 1.21935e-06 -9.58749e-06 
5.8 -247.282 9 -247.072 1.84499e-08 5.94825e-08 7.1315e-08 7.57177e-08 6.88982e-08 9.37549e-08 1.05667e-06 -2.56591e-05 0.000137369 0.000714695 0.00151678 0.0014726 0.000372808 0.000143981 -2.51255e-05 1.17484e-06 2.64585e-07 -7.10537e-07 -8.74232e-07 3.09466e-07 5.40422e-07 2.81472e-08 -9.15401e-06 
5.9 -247.282 9 -247.072 2.08606e-08 -1.14776e-07 -1.35408e-07 -1.33543e-07 -1.32326e-07 -2.30286e-07 1.12992e-06 -8.40426e-06 -0.000252295 0.00355355 0.0290513 0.0289207 0.0035701 -0.00023937 -1.01309e-05 8.04396e-07 2.24801e-08 -1.08307e-06 -5.11609e-08 1.77298e-06 -3.37815e-06 -1.18075e-06 5.56887e-06 
6 -247.282 9 -247.072 2.35669e-08 -2.71854e-07 -2.48971e-07 -2.54051e-07 -2.45447e-07 -3.07816e-07 -8.77855e-07 2.41458e-05 -0.000211751 0.000969848 0.0527511 0.0526452 0.00131474 -0.000217953 2.3084e-05 -1.03343e-06 -3.81938e-07 4.11381e-07 5.99722e-07 -1.48354e-07 -1.89982e-06 -3.08256e-07 1.1356e-05 
6.1 -247.282 9 -247.072 1.22489e-08 -1.31499e-07 -6.28794e-08 -6.92871e-08 -6.76288e-08 1.76804e-08 -1.64529e-06 1.64841e-05 0.000204941 -0.0028692 0.037534 0.0375057 -0.00284907 0.00018818 1.82261e-05 -1.30884e-06 -2.2436e-07 9.3734e-07 -5.16357e-08 -1.75329e-06 2.35486e-06 8.1404e-07 -8.45965e-07 
6.2 -247.282 9 -247.072 1.10917e-08 7.31259e-08 9.21662e-08 9.73037e-08 8.80262e-08 1.86938e-07 2.2837e-07 -2.05258e-05 0.000299546 -0.0013279 0.0050338 0.00504122 -0.0016601 0.000303747 -1.88545e-05 4.39365e-07 1.90498e-07 -4.35243e-07 -6.39735e-07 -2.41655e-07 2.64341e-06 1.93829e-07 -1.17968e-05 
6.3 -247.282 9 -247.072 2.83909e-08 -2.1391e-08 -6.15905e-08 -5.37915e-08 -5.91212e-08 -1.1761e-07 1.68515e-06 -2.46008e-05 -9.80346e-05 0.00295399 0.0130509 0.012955 0.00290841 -7.82796e-05 -2.61298e-05 1.35713e-06 9.72696e-08 -1.08902e-06 -1.15331e-07 1.37626e-06 -1.34783e-06 -7.71399e-07 -4.31435e-06 
6.4 -247.282 9 -247.072 3.68734e-08 -2.58593e-07 -2.49957e-07 -2.53456e-07 -2.44936e-07 -3.73813e-07 2.09076e-07 1.3149e-05 -0.000327284 0.00285533 0.0458644 0.0457255 0.00317501 -0.000328704 1.09185e-05 -4.83112e-08 -3.09193e-07 1.65038e-07 3.9304e-07 2.26871e-07 -3.28096e-06 -2.96491e-07 9.84112e-06 
6.5 -247.282 9 -247.072 1.23507e-08 -2.22059e-07 -1.40214e-07 -1.48089e-07 -1.38928e-07 -1.21379e-07 -1.84306e-06 2.99553e-05 7.55273e-06 -0.00143917 0.0492718 0.0491835 -0.00135605 -1.54476e-05 3.11187e-05 -1.52446e-06 -2.75361e-07 9.18864e-07 -7.58859e-08 -1.30776e-06 -1.35946e-07 4.88658e-07 8.38332e-06 
6.6 -247.282 9 -247.073 -5.97005e-09 2.95022e-08 7.14893e-08 7.05922e-08 6.44049e-08 2.11017e-07 -1.0079e-06 -4.17648e-06 0.000351285 -0.00286592 0.0183646 0.0183859 -0.00313784 0.000348054 -1.42865e-06 -6.88352e-07 1.06455e-07 -2.26892e-07 -4.94251e-07 -4.29599e-07 3.14254e-06 3.38556e-08 -6.37604e-06 
6.7 -247.282 9 -247.073 2.18247e-08 6.05657e-08 1.29404e-08 2.02561e-08 7.43127e-09 4.05211e-08 1.45017e-06 -3.32694e-05 0.000124744 0.00119519 0.00228232 0.00226873 0.00113697 0.000149554 -3.38344e-05 1.16165e-06 1.40342e-07 -1.05336e-06 -2.37887e-08 9.59248e-07 1.33015e-06 -5.86183e-07 -1.12318e-05 
6.8 -247.282 9 -247.073 5.08349e-08 -1.90115e-07 -2.08968e-07 -2.06055e-07 -2.04046e-07 -3.51485e-07 1.44124e-06 -7.15147e-06 -0.000303395 0.00378579 0.0320616 0.0319302 0.00409269 -0.000295745 -1.02165e-05 1.07053e-06 -2.2434e-07 -1.65189e-08 3.17994e-07 2.45085e-07 -2.84995e-06 -5.50443e-08 1.4578e-06 
6.9 -247.282 9 -247.073 2.82212e-08 -2.84725e-07 -2.01746e-07 -2.07242e-07 -1.92311e-07 -2.81464e-07 -1.14224e-06 3.21795e-05 -0.000213761 0.000821039 0.0530816 0.0529398 0.000952993 -0.000239858 3.20649e-05 -8.85678e-07 -3.03684e-07 8.78958e-07 -1.92743e-07 -9.73268e-07 -2.6847e-06 4.80209e-07 1.17847e-05 
7 -247.282 9 -247.073 -1.49287e-08 -5.93262e-08 1.10563e-08 5.45331e-09 8.33678e-09 1.35999e-07 -2.0662e-06 1.81189e-05 0.000252233 -0.00306584 0.0345514 0.0345519 -0.00326503 0.00023886 2.13656e-05 -1.63258e-06 1.81147e-08 -6.9981e-08 -5.10079e-07 -3.19582e-07 1.80785e-06 -2.00965e-07 3.43916e-06 
7.1 -247.282 9 -247.073 -9.52212e-10 9.75612e-08 5.3098e-08 5.93855e-08 4.37725e-08 1.86119e-07 3.16473e-07 -2.79122e-05 0.000318279 -0.0011219 0.00305306 0.00313861 -0.00114685 0.000342985 -2.69665e-05 1.17796e-07 1.5269e-07 -1.02054e-06 8.91326e-08 7.50234e-07 3.44886e-06 -7.60268e-07 -1.04656e-05 
7.2 -247.282 9 -247.073 5.23546e-08 -8.773e-08 -1.37205e-07 -1.27861e-07 -1.37074e-07 -2.2388e-07 2.15586e-06 -2.88827e-05 -0.000132139 0.0033147 0.0157595 0.0156867 0.00363154 -0.000113621 -3.19867e-05 1.68046e-06 -1.29354e-07 -1.53429e-07 4.23287e-07 5.76266e-08 -7.47175e-07 9.21517e-08 -8.05771e-06 
7.3 -247.282 9 -247.073 5.23077e-08 -2.92976e-07 -2.19481e-07 -2.24511e-07 -2.10677e-07 -3.96454e-07 3.25317e-07 1.90568e-05 -0.00035477 0.00300554 0.0478583 0.0476788 0.00316374 -0.00037822 1.73684e-05 4.64928e-07 -3.05425e-07 8.55494e-07 -2.72049e-07 -9.23097e-07 -4.12118e-06 7.88438e-07 6.95135e-06 
7.4 -247.282 9 -247.073 -4.8715e-09 -1.64429e-07 -6.34723e-08 -7.56949e-08 -6.06428e-08 -3.43325e-08 -2.28669e-06 3.65763e-05 2.94081e-05 -0.00165752 0.0474839 0.0474305 -0.00182328 5.00617e-06 3.9383e-05 -1.76544e-06 -6.80231e-08 6.31907e-08 -6.7971e-07 -1.19328e-07 -8.28911e-07 -1.95192e-07 1.09687e-05 
7.5 -247.282 9 -247.073 -2.45932e-08 7.32072e-08 4.86632e-08 4.94701e-08 3.98565e-08 2.50163e-07 -1.33018e-06 -7.63084e-06 0.000385986 -0.00302196 0.0148401 0.0149781 -0.00300769 0.000405713 -5.18927e-06 -1.38438e-06 1.30664e-07 -1.01462e-06 1.00709e-07 8.61361e-07 3.99915e-06 -1.13312e-06 -2.44705e-06 
7.6 -247.282 9 -247.073 3.24325e-08 1.25559e-08 -6.1675e-08 -4.89508e-08 -6.89452e-08 -2.07669e-08 1.78812e-06 -4.13689e-05 0.000122514 0.00149787 0.00323475 0.00326754 0.00185119 0.000150616 -4.35472e-05 1.24718e-06 -3.85908e-08 -2.87069e-07 6.49538e-07 -8.51418e-08 2.14977e-06 -1.06755e-07 -1.21848e-05 
7.7 -247.282 9 -247.073 7.04771e-08 -2.40214e-07 -1.96045e-07 -1.91943e-07 -1.88643e-07 -3.98893e-07 1.94397e-06 -6.63078e-06 -0.000335272 0.00422974 0.0351141 0.0349323 0.00441122 -0.000350973 -9.54939e-06 1.91721e-06 -2.69719e-07 8.57569e-07 -2.06546e-07 -1.17921e-06 -3.70814e-06 1.14733e-06 -2.8663e-06 
7.8 -247.282 9 -247.073 2.2291e-08 -2.48527e-07 -1.30359e-07 -1.43055e-07 -1.20012e-07 -2.49421e-07 -1.29822e-06 4.09155e-05 -0.000225813 0.000829128 0.0530595 0.05293 0.000638553 -0.000258164 4.24078e-05 -7.4223e-07 -1.60633e-07 2.11061e-07 -9.29648e-07 -9.35161e-08 -3.65823e-06 1.94773e-07 1.09513e-05 
7.9 -247.282 9 -247.073 -3.18261e-08 -4.94605e-09 5.90244e-09 -2.69806e-09 1.91313e-09 1.81986e-07 -2.69241e-06 2.10192e-05 0.000279104 -0.00349384 0.0309581 0.0310873 -0.00349835 0.000288399 2.42971e-05 -2.56473e-06 7.19314e-08 -1.02336e-06 -6.42387e-08 1.22206e-06 2.63576e-06 -1.39056e-06 7.42744e-06 
8 -247.282 9 -247.073 -3.40523e-10 7.38904e-08 -1.03393e-08 1.30946e-10 -2.326e-08 1.82834e-07 2.31042e-07 -3.60247e-05 0.000347657 -0.00106397 0.00125695 0.00141621 -0.00067006 0.000381681 -3.66192e-05 -3.05743e-07 4.241e-08 -4.61598e-07 8.89141e-07 4.90803e-08 4.60145e-06 -6.51861e-07 -8.02693e-06 
8.1 -247.282 9 -247.073 6.65958e-08 -1.44118e-07 -1.34965e-07 -1.23353e-07 -1.37075e-07 -2.57066e-07 2.82758e-06 -3.49949e-05 -0.00014344 0.00394186 0.018812 0.0186725 0.00416595 -0.000147641 -3.82478e-05 2.60767e-06 -1.77216e-07 8.66721e-07 6.66956e-08 -1.58341e-06 -1.49709e-06 1.22935e-06 -1.09962e-05 
8.2 -247.282 9 -247.073 5.50388e-08 -2.81827e-07 -1.6315e-07 -1.71734e-07 -1.51312e-07 -4.19111e-07 6.8799e-07 2.55591e-05 -0.00039248 0.00339076 0.0496478 0.0494349 0.00315205 -0.00042762 2.53535e-05 1.19539e-06 -2.20002e-07 4.11071e-07 -1.12264e-06 -4.18767e-07 -5.46594e-06 8.32494e-07 3.29995e-06 
8.3 -247.282 9 -247.073 -1.62546e-08 -1.0974e-07 -6.38014e-08 -7.77492e-08 -5.50258e-08 -2.29401e-08 -2.90437e-06 4.56674e-05 2.60651e-05 -0.00209792 0.0449652 0.0450197 -0.00221491 2.36954e-05 4.87279e-05 -2.58299e-06 -3.97545e-08 -1.00941e-06 -4.24855e-07 1.60184e-06 -2.1177e-07 -1.25297e-06 1.2399e-05 
8.4 -247.282 9 -247.073 -2.72778e-08 7.45689e-08 -2.83301e-09 2.51435e-09 -1.14112e-08 2.91174e-07 -1.97226e-06 -1.12757e-05 0.000430554 -0.00333058 0.0111978 0.0114375 -0.00294546 0.000463879 -1.02435e-05 -2.41483e-06 6.15175e-08 -6.91596e-07 9.92443e-07 5.65674e-07 5.5352e-06 -1.29146e-06 1.76515e-06 
8.5 -247.282 9 -247.073 3.93185e-08 -3.90661e-08 -6.2671e-08 -4.77224e-08 -7.75355e-08 -2.26147e-09 2.2487e-06 -5.24601e-05 0.000149213 0.00211749 0.00487881 0.00483206 0.00240721 0.000156939 -5.49839e-05 1.85243e-06 -4.94142e-08 8.24412e-07 4.99592e-07 -1.86618e-06 1.71913e-06 8.59416e-07 -1.18924e-05 
8.6 -247.282 9 -247.073 7.33036e-08 -2.52602e-07 -1.4843e-07 -1.50325e-07 -1.45936e-07 -4.478e-07 2.83383e-06 -6.45381e-06 -0.000375437 0.00500851 0.0382227 0.0379566 0.00474905 -0.000407384 -8.03676e-06 3.20317e-06 -2.06126e-07 6.61434e-07 -1.12396e-06 -1.10749e-06 -5.40589e-06 1.38037e-06 -6.89788e-06 
8.7 -247.282 9 -247.073 1.80866e-08 -2.0309e-07 -1.29138e-07 -1.45525e-07 -1.11129e-07 -3.0274e-07 -1.50109e-06 5.31278e-05 -0.00027005 0.000656348 0.0523009 0.0522305 0.000374953 -0.000283069 5.5004e-05 -1.03696e-06 -1.66953e-07 -9.2643e-07 -8.90269e-07 1.72053e-06 -3.47705e-06 -6.77843e-07 8.97161e-06 
8.8 -247.282 9 -247.073 -3.36238e-08 1.64623e-08 -3.83043e-08 -4.02776e-08 -3.23312e-08 2.26745e-07 -3.75801e-06 2.50799e-05 0.000312 -0.00413667 0.0269547 0.0271909 -0.0038689 0.000340311 2.70533e-05 -4.02286e-06 3.25081e-09 -9.52046e-07 8.75231e-07 1.38477e-06 4.45735e-06 -1.66794e-06 1.06192e-05 
8.9 -247.282 9 -247.073 3.53362e-09 3.57754e-08 -1.26541e-08 3.67679e-09 -3.11046e-08 2.70608e-07 9.55298e-08 -4.78292e-05 0.000413465 -0.000678313 0.000237445 0.000331204 -0.000327072 0.00042956 -4.88747e-05 -3.99719e-07 6.05009e-08 6.90682e-07 9.59286e-07 -1.76814e-06 4.70603e-06 1.51003e-07 -4.76079e-06 
9 -247.282 9 -247.073 6.48888e-08 -1.73071e-07 -9.44774e-08 -8.84881e-08 -1.09969e-07 -2.83761e-07 3.96939e-06 -4.31142e-05 -0.000156842 0.00499481 0.0222484 0.0219826 0.00478105 -0.000181285 -4.5134e-05 4.13293e-06 -9.12126e-08 9.26351e-07 -8.803e-07 -1.9867e-06 -3.38129e-06 1.52267e-06 -1.27922e-05 
9.1 -247.282 9 -247.073 5.21254e-08 -2.52103e-07 -1.6208e-07 -1.77309e-07 -1.46964e-07 -5.37822e-07 1.21448e-06 3.58371e-05 -0.000469761 0.00365963 0.0508041 0.0505933 0.00324345 -0.000489151 3.60942e-05 1.72329e-06 -2.56916e-07 -7.43179e-07 -1.31634e-06 1.36687e-06 -5.89093e-06 7.92307e-08 -6.58776e-07 
9.2 -247.282 9 -247.073 -1.3074e-08 -7.54439e-08 -1.009e-07 -1.10842e-07 -7.60396e-08 -2.61249e-08 -3.99459e-06 5.78067e-05 2.03529e-05 -0.00284168 0.0418119 0.0419545 -0.00278308 4.01623e-05 5.96171e-05 -4.04231e-06 -1.44535e-07 -1.20601e-06 5.11811e-07 2.24818e-06 1.67311e-06 -1.55644e-06 1.24909e-05 
9.3 -247.282 9 -247.073 -2.2874e-08 5.36908e-08 -3.21719e-09 9.6865e-09 -1.10755e-08 4.31809e-07 -2.89984e-06 -1.8408e-05 0.000518008 -0.00337482 0.00799659 0.00821435 -0.00302204 0.000538604 -1.79296e-05 -3.38239e-06 1.04267e-07 4.47528e-07 1.31179e-06 -1.1547e-06 6.29528e-06 -5.64633e-07 5.74223e-06 
9.4 -247.282 9 -247.073 3.58702e-08 -7.66089e-08 -2.77315e-08 -1.51905e-08 -6.08025e-08 4.10969e-08 3.15253e-06 -6.75284e-05 0.000184926 0.00321572 0.0072539 0.00706262 0.00311712 0.000169318 -6.88673e-05 3.10539e-06 8.43539e-08 1.15674e-06 -4.10354e-07 -2.74869e-06 -8.30563e-08 1.18317e-06 -1.03319e-05 
9.5 -247.282 9 -247.073 6.52158e-08 -2.39838e-07 -1.4979e-07 -1.57575e-07 -1.51336e-07 -5.97132e-07 4.13169e-06 -3.24205e-06 -0.000459904 0.00574252 0.0409014 0.0405901 0.00529573 -0.000480828 -4.27239e-06 4.57457e-06 -2.33387e-07 -4.47148e-07 -1.56911e-06 5.16596e-07 -6.49345e-06 6.43746e-07 -1.01492e-05 
9.6 -247.282 9 -247.073 2.27657e-08 -1.64396e-07 -1.64139e-07 -1.78591e-07 -1.2623e-07 -3.92708e-07 -2.08393e-06 7.02755e-05 -0.000329613 0.000106838 0.0507815 0.0507675 -3.94362e-05 -0.000318251 7.09357e-05 -1.94417e-06 -3.33114e-07 -1.39374e-06 -3.03685e-08 2.82755e-06 -1.823e-06 -1.03081e-06 6.04904e-06 
9.7 -247.282 9 -247.073 -2.42107e-08 1.18682e-08 -3.59713e-08 -3.21671e-08 -2.08079e-08 3.70322e-07 -5.34344e-06 2.69364e-05 0.00039023 -0.00466852 0.0230362 0.0232779 -0.00441789 0.000409897 2.82628e-05 -5.70807e-06 8.06673e-09 1.111e-07 1.43544e-06 -1.07692e-07 5.85243e-06 -9.14803e-07 1.25836e-05 
9.8 -247.282 9 -247.073 1.36804e-09 -3.31943e-09 2.24349e-08 3.65609e-08 -1.654e-08 4.07753e-07 2.45522e-07 -6.52739e-05 0.000503067 0.000182537 9.99894e-05 6.76682e-05 0.000222856 0.000495377 -6.51559e-05 5.02007e-08 2.52695e-07 1.28646e-06 1.65367e-07 -3.08481e-06 3.27135e-06 5.66154e-07 -1.00722e-06 
9.9 -247.282 9 -247.073 5.32146e-08 -1.75352e-07 -9.53051e-08 -9.55985e-08 -1.26623e-07 -4.03933e-07 5.7241e-06 -4.99786e-05 -0.00021366 0.00607108 0.025538 0.0252063 0.00572252 -0.000231349 -5.13344e-05 6.0091e-06 -6.08366e-08 -7.14079e-08 -1.54458e-06 -6.54815e-07 -5.03491e-06 7.53217e-07 -1.31565e-05 
10 -247.282 9 -247.073 5.02997e-08 -2.14249e-07 -1.95935e-07 -2.11004e-07 -1.63739e-07 -7.17933e-07 1.57873e-06 5.23168e-05 -0.000577956 0.00351109 0.0511816 0.0510032 0.00326166 -0.000573042 5.138e-05 1.81341e-06 -4.64158e-07 -1.46401e-06 -6.00834e-07 2.87821e-06 -4.73669e-06 -4.3378e-07 -4.50765e-06 
10.1 -247.282 9 -247.073 1.0255e-09 -6.71268e-08 -1.01975e-07 -1.05102e-07 -5.527e-08 5.4968e-08 -5.76222e-06 6.99045e-05 5.60603e-05 -0.00367013 0.0384501 0.038614 -0.00359437 7.1473e-05 7.09657e-05 -5.94632e-06 -2.20842e-07 -2.85303e-07 1.27449e-06 1.1064e-06 3.52323e-06 -7.75811e-07 1.11699e-05 
10.2 -247.282 9 -247.073 -1.87189e-08 1.74882e-08 2.87589e-08 4.38054e-08 9.48703e-09 6.44856e-07 -3.80745e-06 -3.19493e-05 0.000644878 -0.00301019 0.00539565 0.00553671 -0.00288407 0.000641176 -3.02973e-05 -4.04028e-06 3.12459e-07 1.28532e-06 6.87536e-07 -2.82989e-06 5.4563e-06 6.71386e-08 9.00114e-06 
10.3 -247.282 9 -247.073 2.40891e-08 -8.93596e-08 -2.52182e-08 -1.8499e-08 -8.45122e-08 1.20285e-08 4.76412e-06 -8.37836e-05 0.000185254 0.00439683 0.00983553 0.0095823 0.00424317 0.00017318 -8.43157e-05 4.86107e-06 2.16415e-07 3.36336e-07 -1.25698e-06 -1.82188e-06 -2.06425e-06 4.34367e-07 -7.58991e-06 
10.4 -247.282 9 -247.073 5.58216e-08 -2.05208e-07 -1.79561e-07 -1.91187e-07 -1.76541e-07 -8.27235e-07 5.56405e-06 6.3361e-06 -0.000589891 0.00605908 0.0428916 0.0426053 0.00585834 -0.000586501 4.11773e-06 5.7754e-06 -4.28396e-07 -1.38612e-06 -1.04784e-06 2.32392e-06 -5.99498e-06 -1.32607e-07 -1.22198e-05 
10.5 -247.282 9 -247.073 3.21495e-08 -1.48255e-07 -1.6878e-07 -1.78649e-07 -1.02388e-07 -4.25152e-07 -3.36541e-06 8.98942e-05 -0.000358856 -0.000695564 0.0488477 0.0488741 -0.0007438 -0.000349574 8.96495e-05 -3.37496e-06 -5.24403e-07 -6.86438e-07 8.88709e-07 2.13835e-06 2.05596e-07 -3.50396e-07 2.41964e-06 
10.6 -247.282 9 -247.073 -1.07005e-08 -2.10389e-08 -5.54839e-09 1.45744e-10 1.00844e-08 5.99346e-07 -7.2167e-06 2.28389e-05 0.000520695 -0.00493148 0.0194025 0.0196199 -0.00483162 0.000516661 2.5361e-05 -7.36379e-06 1.76175e-07 1.13744e-06 1.03163e-06 -2.01403e-06 5.69452e-06 2.63351e-09 1.30398e-05 
10.7 -247.282 9 -247.073 -5.05735e-09 -2.29106e-08 2.93489e-08 4.01191e-08 -3.86557e-08 5.04022e-07 1.04717e-06 -8.63618e-05 0.000571747 0.00117597 0.000478341 0.000406359 0.00122663 0.00056523 -8.52263e-05 1.00621e-06 4.98276e-07 7.03918e-07 -8.11321e-07 -2.64477e-06 1.26337e-06 -1.9547e-09 2.85953e-06 
10.8 -247.282 9 -247.073 3.96634e-08 -1.42753e-07 -1.24653e-07 -1.25215e-07 -1.6241e-07 -6.10578e-07 7.90936e-06 -5.1557e-05 -0.000325705 0.00678275 0.0283601 0.0280465 0.00675577 -0.000319236 -5.40976e-05 7.98612e-06 -1.79716e-07 -1.17121e-06 -1.26321e-06 1.31177e-06 -5.1978e-06 -2.8612e-07 -1.19185e-05 
10.9 -247.282 9 -247.073 4.94012e-08 -1.92482e-07 -2.07611e-07 -2.17969e-07 -1.45866e-07 -8.74238e-07 1.37635e-06 7.34461e-05 -0.00067271 0.00300993 0.0510599 0.050929 0.0029608 -0.000667793 7.13698e-05 1.45079e-06 -7.54568e-07 -1.01496e-06 4.10817e-07 2.6905e-06 -2.81348e-06 -3.12948e-08 -7.87308e-06 
11 -247.282 9 -247.073 1.569e-08 -9.9391e-08 -7.67209e-08 -7.97654e-08 -1.5969e-08 2.18896e-07 -8.08014e-06 7.76587e-05 0.000150636 -0.00441069 0.0351222 0.0353048 -0.00442336 0.000141225 7.99136e-05 -8.0643e-06 -1.70342e-07 8.66619e-07 1.1269e-06 -8.86384e-07 3.98048e-06 3.63962e-07 8.45201e-06 
11.1 -247.282 9 -247.073 -1.28742e-08 -7.08952e-09 4.69313e-08 5.424e-08 -1.62611e-09 8.50629e-07 -4.2617e-06 -5.09142e-05 0.000769104 -0.00248387 0.00321751 0.00336014 -0.00232345 0.000764993 -4.79507e-05 -4.32346e-06 6.32523e-07 9.74693e-07 -3.41404e-07 -2.89351e-06 3.67627e-06 -1.44015e-07 1.12075e-05 
11.2 -247.282 9 -247.073 1.16488e-08 -5.63798e-08 -4.39334e-08 -3.92224e-08 -1.2607e-07 -9.21411e-08 7.01558e-06 -9.68082e-05 0.000128201 0.00531517 0.0122946 0.0120598 0.005507 0.000142149 -9.84839e-05 6.91827e-06 2.41742e-07 -8.56045e-07 -1.24369e-06 1.59422e-07 -2.76506e-06 -7.56423e-07 -3.845e-06 
11.3 -247.282 9 -247.073 4.61499e-08 -1.7774e-07 -1.9979e-07 -2.03529e-07 -1.72806e-07 -1.06444e-06 6.67892e-06 2.18056e-05 -0.000725479 0.00601243 0.0444367 0.0441861 0.00608889 -0.000720367 1.81346e-05 6.70813e-06 -7.56771e-07 -1.22375e-06 -2.29928e-08 2.63365e-06 -4.39813e-06 -1.29546e-07 -1.28425e-05 
11.4 -247.282 9 -247.073 3.81071e-08 -1.82489e-07 -1.56773e-07 -1.64422e-07 -6.19883e-08 -3.93875e-07 -5.33765e-06 0.00010748 -0.000330747 -0.00154008 0.0467925 0.0468532 -0.00162023 -0.000348293 0.000108361 -5.15988e-06 -6.35363e-07 5.23617e-07 1.00025e-06 1.96468e-07 1.10064e-06 8.30993e-07 -1.65737e-06 
11.5 -247.282 9 -247.073 4.35949e-09 -5.20817e-08 1.46105e-08 1.38892e-08 1.54087e-08 8.46667e-07 -8.91612e-06 1.26897e-05 0.000666839 -0.00504006 0.0160048 0.0162556 -0.0049167 0.000658859 1.69188e-05 -8.86982e-06 4.87906e-07 1.12572e-06 2.36084e-08 -2.5568e-06 4.31327e-06 2.22555e-07 1.19116e-05 
11.6 -247.282 9 -247.073 -6.25703e-09 1.24018e-08 2.73087e-08 3.27869e-08 -7.53933e-08 5.50674e-07 2.55197e-06 -0.000106635 0.000588881 0.00203951 0.00114608 0.00109218 0.00239107 0.000611273 -0.000106478 2.32794e-06 6.9263e-07 -5.01839e-07 -1.04349e-06 -7.72018e-07 2.34122e-07 -1.13297e-06 6.5313e-06 
11.7 -247.282 9 -247.073 2.45937e-08 -1.06002e-07 -1.43761e-07 -1.38435e-07 -1.75798e-07 -8.42802e-07 1.00629e-05 -4.72359e-05 -0.000460049 0.00719846 0.0309208 0.030615 0.00745701 -0.000446948 -5.16499e-05 9.92727e-06 -4.4683e-07 -1.30897e-06 -2.94616e-07 2.07426e-06 -4.03086e-06 -7.01969e-07 -9.19118e-06 
11.8 -247.282 9 -247.073 4.35797e-08 -2.29871e-07 -2.13496e-07 -2.1779e-07 -1.15901e-07 -9.96215e-07 4.99197e-07 9.48553e-05 -0.000719457 0.00240968 0.0507585 0.0506575 0.00235842 -0.000744525 9.36551e-05 7.49439e-07 -1.02432e-06 1.68582e-07 7.54655e-07 9.11984e-07 -1.70757e-06 9.88384e-07 -1.04739e-05 
11.9 -247.282 9 -247.073 2.80267e-08 -1.42147e-07 -6.0158e-08 -6.89048e-08 4.11229e-09 4.11033e-07 -1.04921e-05 7.99509e-05 0.00027526 -0.00505141 0.0318802 0.032108 -0.00508441 0.000256473 8.43475e-05 -1.02433e-05 2.91204e-08 1.1539e-06 2.05535e-07 -1.85155e-06 3.02409e-06 9.43739e-07 4.56677e-06 
12 -247.282 9 -247.073 1.53506e-09 3.03592e-08 5.93061e-08 6.13964e-08 -2.1553e-08 1.03748e-06 -4.10111e-06 -7.11033e-05 0.000853648 -0.00194658 0.00139906 0.00156522 -0.00157195 0.000880005 -6.87501e-05 -4.32636e-06 9.66775e-07 -1.56619e-07 -7.87439e-07 -1.22592e-06 2.54145e-06 -1.01235e-06 1.22182e-05 
