t=0 enPsi maxBondDim enPhi svn(x) 
0 -354.685 7 -354.537 0.0158729 0.0151714 0.0151729 0.0151728 0.0151728 0.0151728 0.0151728 0.0151728 0.0151728 0.0151728 0.0151728 0.0151728 0.0151728 0.0151728 0.0151728 0.0151728 0.0151728 0.0151728 0.0151728 0.0151728 0.0151729 0.0151714 0.0158729 
0.1 -354.685 7 -354.537 -9.06742e-10 -4.83117e-08 -4.49771e-08 -4.49088e-08 -4.49092e-08 -4.49092e-08 -4.49005e-08 -4.46621e-08 5.46536e-07 7.05106e-06 0.0215992 0.0215991 6.78176e-06 5.32334e-07 -4.47206e-08 -4.49159e-08 -4.49207e-08 -4.49207e-08 -4.49207e-08 -4.49207e-08 -4.49208e-08 -4.49005e-08 -4.69993e-08 
0.2 -354.685 7 -354.501 -8.56976e-10 -5.16896e-08 -4.81101e-08 -4.80511e-08 -4.80504e-08 -4.80505e-08 -4.78879e-08 -5.11979e-08 3.64393e-06 -3.82243e-05 0.0245436 0.0245547 -6.70469e-05 6.762e-06 2.95446e-10 -4.75871e-08 -4.80565e-08 -4.80576e-08 -4.80576e-08 -4.80576e-08 -4.80586e-08 -4.807e-08 -5.46223e-08 
0.3 -354.685 7 -354.501 -7.83811e-10 -3.77383e-10 -3.96888e-10 -3.89994e-10 -3.89351e-10 -3.91234e-10 -1.45807e-11 -1.27756e-08 9.13628e-07 -1.31488e-05 0.000612724 0.0006178 -0.000407414 -3.07241e-07 -7.73183e-08 1.79884e-10 -3.48676e-10 -3.49093e-10 -3.4915e-10 -3.49169e-10 -3.4967e-10 -4.82503e-10 -1.42898e-09 
0.4 -354.685 7 -354.479 -8.29357e-10 -4.43775e-08 -4.13299e-08 -4.12562e-08 -4.1258e-08 -4.12579e-08 -4.15741e-08 -3.00931e-08 -3.26675e-06 6.87459e-05 0.018195 0.0181763 0.000593223 0.00624826 -8.68769e-06 6.5456e-07 -4.14923e-08 -4.12719e-08 -4.12883e-08 -4.12883e-08 -4.12874e-08 -4.11676e-08 -3.81014e-08 
0.5 -354.685 7 -354.479 -7.95421e-10 -5.46494e-08 -5.07927e-08 -5.07451e-08 -5.07437e-08 -5.07379e-08 -5.11274e-08 -3.53184e-08 5.29811e-06 -5.64555e-05 0.0268706 0.0269054 -0.000108122 0.00631253 -7.31395e-06 6.55049e-07 -5.37183e-08 -5.06756e-08 -5.07721e-08 -5.07719e-08 -5.07728e-08 -5.07344e-08 -6.02047e-08 
0.6 -354.685 7 -354.479 -8.0984e-10 -1.97882e-09 -1.94329e-09 -1.93166e-09 -1.93022e-09 -1.93686e-09 -6.42677e-10 -4.67003e-08 3.76785e-06 -5.03052e-05 0.00235488 0.00238485 -0.000422558 0.00631225 4.62229e-06 3.69649e-08 -2.21059e-09 -1.84194e-09 -1.86298e-09 -1.86251e-09 -1.8641e-09 -2.13145e-09 -6.00173e-09 
0.7 -354.685 7 -354.479 -8.32839e-10 -3.98913e-08 -3.71733e-08 -3.70933e-08 -3.70962e-08 -3.71039e-08 -3.72555e-08 -2.74537e-08 -7.03942e-06 0.000133535 0.0145185 0.0144978 0.000664361 0.00627171 -4.89308e-06 6.63153e-07 -3.41244e-08 -3.71985e-08 -3.71203e-08 -3.71209e-08 -3.71194e-08 -3.69434e-08 -2.8885e-08 
0.8 -354.685 7 -354.479 -7.97555e-10 -5.68295e-08 -5.2752e-08 -5.27139e-08 -5.27123e-08 -5.26913e-08 -5.4559e-08 1.29696e-08 4.94742e-06 -4.08974e-05 0.0284576 0.0285088 -0.000114339 0.00623396 -8.17691e-06 6.2529e-07 -5.74614e-08 -5.26263e-08 -5.27745e-08 -5.27748e-08 -5.2775e-08 -5.26501e-08 -6.28635e-08 
0.9 -354.685 7 -354.479 -8.0397e-10 -4.79786e-09 -4.62356e-09 -4.60961e-09 -4.60757e-09 -4.6138e-09 -2.36897e-09 -8.72379e-08 8.08904e-06 -0.000106225 0.00500534 0.0050929 -0.000456179 0.00635138 4.81408e-06 2.95853e-08 -6.70485e-09 -4.44662e-09 -4.52195e-09 -4.52012e-09 -4.523e-09 -4.91062e-09 -1.31263e-08 
1 -354.685 7 -354.479 -8.40098e-10 -3.5159e-08 -3.27788e-08 -3.26925e-08 -3.26961e-08 -3.27276e-08 -3.16026e-08 -5.69553e-08 -9.866e-06 0.000187372 0.0107882 0.0107871 0.000726017 0.00630488 9.95319e-07 7.20139e-07 -2.6528e-08 -3.28665e-08 -3.2693e-08 -3.26938e-08 -3.26924e-08 -3.25078e-08 -2.06758e-08 
1.1 -354.685 7 -354.479 -7.95714e-10 -5.79903e-08 -5.37709e-08 -5.37395e-08 -5.37376e-08 -5.36974e-08 -5.7902e-08 9.16138e-08 2.36852e-06 1.06293e-05 0.0292236 0.0293008 -8.59969e-05 0.00614171 -7.82994e-06 5.93541e-07 -5.82655e-08 -5.36745e-08 -5.38453e-08 -5.38474e-08 -5.38459e-08 -5.36107e-08 -6.21714e-08 
1.2 -354.685 7 -354.446 -7.99743e-10 -8.73041e-09 -8.33964e-09 -8.32556e-09 -8.32357e-09 -8.31129e-09 -5.82089e-09 -1.1186e-07 1.31328e-05 -0.000172648 0.00829687 0.00843335 -0.000495675 0.00638537 2.73511e-05 -7.39973e-05 3.24353e-06 3.52588e-09 -8.14565e-09 -8.22709e-09 -8.23129e-09 -8.70896e-09 -2.17915e-08 
1.3 -354.685 7 -354.446 -8.46477e-10 -3.05291e-08 -2.84556e-08 -2.83643e-08 -2.8368e-08 -2.84421e-08 -2.45144e-08 -1.33227e-07 -1.09374e-05 0.000216992 0.00724464 0.00727763 0.000771731 0.00635746 2.43398e-05 -0.000166752 -1.99407e-07 -5.44968e-08 -2.80055e-08 -2.83173e-08 -2.83173e-08 -2.81745e-08 -1.46809e-08 
1.4 -354.685 7 -354.446 -7.90246e-10 -5.79355e-08 -5.36854e-08 -5.36572e-08 -5.36546e-08 -5.36049e-08 -6.04259e-08 1.87067e-07 -2.31208e-06 9.54419e-05 0.0291304 0.0292348 -1.55646e-05 0.00607422 -4.5406e-05 0.000182236 2.10601e-07 -6.43942e-08 -5.40795e-08 -5.38189e-08 -5.38109e-08 -5.34546e-08 -5.82218e-08 
1.5 -354.685 7 -354.446 -8.03664e-10 -1.35875e-08 -1.29193e-08 -1.29067e-08 -1.29057e-08 -1.28431e-08 -1.17086e-08 -9.45865e-08 1.79771e-05 -0.000238966 0.0119608 0.0121476 -0.00053217 0.00639394 3.04857e-05 -3.97947e-06 7.38229e-06 4.11074e-08 -1.26783e-08 -1.28179e-08 -1.28251e-08 -1.3347e-08 -3.0719e-08 
1.6 -354.685 7 -354.446 -8.44814e-10 -2.63507e-08 -2.45183e-08 -2.44245e-08 -2.44284e-08 -2.45571e-08 -1.63606e-08 -2.61038e-07 -9.6557e-06 0.000211547 0.00414516 0.0042272 0.00078396 0.00641358 3.78113e-05 -0.000208666 -3.01373e-06 -7.2992e-08 -2.33844e-08 -2.43047e-08 -2.43135e-08 -2.42665e-08 -1.17649e-08 
1.7 -354.685 7 -354.446 -7.87261e-10 -5.65384e-08 -5.239e-08 -5.23613e-08 -5.23567e-08 -5.23296e-08 -6.09097e-08 2.72841e-07 -8.61935e-06 0.000206297 0.0281824 0.0283191 8.30164e-05 0.00599619 -3.94556e-05 0.000152769 -3.38901e-07 -8.51763e-08 -5.3674e-08 -5.25815e-08 -5.25604e-08 -5.20826e-08 -5.1657e-08 
1.8 -354.685 7 -354.446 -8.13134e-10 -1.9139e-08 -1.81404e-08 -1.81295e-08 -1.81305e-08 -1.79753e-08 -2.05542e-08 -1.14913e-08 2.16387e-05 -0.000293189 0.0157411 0.015976 -0.000549398 0.00638601 2.38203e-05 6.98956e-05 1.23892e-05 7.2412e-08 -1.77761e-08 -1.80698e-08 -1.80771e-08 -1.85848e-08 -3.85527e-08 
1.9 -354.685 7 -354.446 -8.32366e-10 -2.2946e-08 -2.12647e-08 -2.11722e-08 -2.11771e-08 -2.13535e-08 -8.02211e-09 -4.29534e-07 -5.72632e-06 0.000163992 0.00175612 0.00190059 0.000756198 0.00648603 5.78514e-05 -0.000233338 -4.94009e-06 -7.69338e-08 -1.88322e-08 -2.09586e-08 -2.09838e-08 -2.10898e-08 -1.22946e-08 
2 -354.685 7 -354.446 -7.93486e-10 -5.37718e-08 -4.9861e-08 -4.98283e-08 -4.98198e-08 -4.98757e-08 -5.82294e-08 3.17584e-07 -1.57749e-05 0.000332132 0.0264277 0.0266025 0.000200547 0.0059227 -3.6679e-05 0.000109004 -1.57644e-06 -1.11545e-07 -5.25589e-08 -5.01041e-08 -5.00677e-08 -4.94753e-08 -4.35835e-08 
2.1 -354.685 7 -354.446 -8.2079e-10 -2.50836e-08 -2.37208e-08 -2.37106e-08 -2.37138e-08 -2.34228e-08 -3.23088e-08 1.51072e-07 2.31996e-05 -0.000323172 0.0194008 0.0196731 -0.000538669 0.00634716 4.61785e-05 0.00014302 1.80452e-05 9.18753e-08 -2.34069e-08 -2.37026e-08 -2.3704e-08 -2.41313e-08 -4.40764e-08 
2.2 -354.685 7 -354.446 -8.13379e-10 -2.05863e-08 -1.89538e-08 -1.88673e-08 -1.88754e-08 -1.90605e-08 -7.89677e-10 -6.17861e-07 7.83874e-07 7.20858e-05 0.000334602 0.000540188 0.000691487 0.00656386 7.25059e-05 -0.000237795 -5.87483e-06 -6.47182e-08 -1.44457e-08 -1.85467e-08 -1.85934e-08 -1.89085e-08 -1.60722e-08 
2.3 -354.685 8 -354.446 -8.11174e-10 -4.97189e-08 -4.61673e-08 -4.61279e-08 -4.61136e-08 -4.63405e-08 -5.13254e-08 2.88107e-07 -2.27769e-05 0.000459272 0.023957 0.0241831 0.000317456 0.00586927 -2.29616e-05 5.35433e-05 -3.60847e-06 -1.3804e-07 -5.06876e-08 -4.64463e-08 -4.63985e-08 -4.57056e-08 -3.53851e-08 
2.4 -354.685 8 -354.446 5.84082e-09 -2.27625e-08 -2.20155e-08 -2.20693e-08 -2.21072e-08 -2.16073e-08 -3.92181e-08 4.03284e-07 2.19395e-05 -0.000317963 0.0227293 0.0230415 -0.000482056 0.00628701 6.49134e-05 0.000209573 2.40747e-05 1.01341e-07 -2.11884e-08 -2.16998e-08 -2.10776e-08 -1.97508e-08 -3.22779e-06 
2.5 -354.685 8 -354.446 1.41038e-08 -2.36114e-09 -2.87334e-09 -2.75988e-09 -2.7779e-09 -2.90956e-09 1.85289e-08 -7.76701e-07 9.44918e-06 -6.10006e-05 7.51094e-05 0.000344329 0.000594928 0.0066383 9.18217e-05 -0.000221455 -5.69427e-06 -1.96858e-08 7.11309e-09 6.26865e-10 1.31068e-10 8.58005e-09 1.62273e-06 
2.6 -354.685 8 -354.446 -6.02812e-11 -4.3935e-08 -4.09207e-08 -4.07521e-08 -4.06791e-08 -4.12418e-08 -3.86666e-08 1.54441e-07 -2.85144e-05 0.000572878 0.0208997 0.0211749 0.000422285 0.00583694 -9.35638e-06 -9.42589e-06 -6.48975e-06 -1.56132e-07 -4.80448e-08 -4.07782e-08 -4.08738e-08 -5.21201e-08 2.07834e-06 
2.7 -354.685 8 -354.446 3.59086e-09 -3.01238e-08 -2.83171e-08 -2.8364e-08 -2.84197e-08 -2.77898e-08 -5.5317e-08 7.17241e-07 1.74005e-05 -0.000269279 0.0255443 0.0258949 -0.000373646 0.00620985 9.12645e-05 0.000265376 3.0091e-05 7.53098e-08 -2.83598e-08 -2.73963e-08 -2.76682e-08 -3.06823e-08 -3.34593e-06 
2.8 -354.685 8 -354.446 1.48766e-08 -1.99451e-09 -2.66851e-09 -2.68023e-09 -2.73031e-09 -2.63023e-09 1.84393e-08 -8.92283e-07 1.94327e-05 -0.00022669 0.00101944 0.00134209 0.000476623 0.00670227 0.000117471 -0.000185335 -4.33656e-06 2.17704e-08 1.07792e-08 -3.81024e-10 -9.67688e-10 2.5567e-08 3.26445e-07 
2.9 -354.685 8 -354.446 1.62869e-09 -3.67337e-08 -3.46736e-08 -3.44513e-08 -3.42589e-08 -3.51718e-08 -2.08317e-08 -1.04936e-07 -3.18887e-05 0.000658466 0.0174227 0.0177419 0.000497689 0.00582824 2.32681e-06 -7.54789e-05 -1.02028e-05 -1.59304e-07 -4.33314e-08 -3.4393e-08 -3.32015e-08 -5.17032e-08 3.17399e-06 
3 -354.685 8 -354.446 1.76669e-09 -3.66584e-08 -3.40185e-08 -3.39294e-08 -3.40328e-08 -3.34503e-08 -7.02612e-08 1.07144e-06 9.53772e-06 -0.000172709 0.0276987 0.02808 -0.000213475 0.00612055 0.000120814 0.000306531 3.56538e-05 2.90118e-08 -3.61714e-08 -3.24825e-08 -3.27872e-08 -5.09315e-08 -2.86059e-06 
3.1 -354.685 8 -354.446 1.46057e-08 -3.52291e-09 -4.06916e-09 -4.23913e-09 -4.35159e-09 -3.85393e-09 1.14629e-08 -9.03334e-07 2.96625e-05 -0.00041135 0.00303069 0.00339649 0.000348871 0.00674785 0.000151771 -0.000131531 -1.74088e-06 6.54256e-08 1.34412e-08 -1.56654e-09 -3.63591e-09 4.12836e-08 -1.14773e-06 
3.2 -354.685 8 -354.446 3.74978e-09 -2.87695e-08 -2.77201e-08 -2.74411e-08 -2.72914e-08 -2.84221e-08 1.36468e-09 -4.95982e-07 -3.19633e-05 0.000703128 0.0137241 0.0140903 0.000530648 0.00584352 1.15008e-05 -0.000139392 -1.46266e-05 -1.42605e-07 -3.70347e-08 -2.70657e-08 -2.60384e-08 -4.14683e-08 3.7982e-06 
3.3 -354.685 8 -354.446 3.83439e-10 -4.19547e-08 -3.8687e-08 -3.85195e-08 -3.85522e-08 -3.80562e-08 -8.13998e-08 1.42053e-06 -1.28759e-06 -2.87149e-05 0.029083 0.0294914 -7.71761e-06 0.00602647 0.000149316 0.000330262 4.02693e-05 -3.91062e-08 -4.45664e-08 -3.8901e-08 -3.66691e-08 -7.79421e-08 -1.84186e-06 
3.4 -354.685 8 -354.446 1.33649e-08 -7.10167e-09 -7.08435e-09 -7.40279e-09 -7.52315e-09 -6.58489e-09 -3.47708e-09 -7.66364e-07 3.88745e-05 -0.000597467 0.00587035 0.00625009 0.000228213 0.00677067 0.000195462 -6.32274e-05 2.04477e-06 1.09259e-07 1.49058e-08 -4.38771e-09 -7.2071e-09 5.1279e-08 -2.55055e-06 
3.5 -354.685 8 -354.446 6.11643e-09 -2.02863e-08 -2.03074e-08 -2.00641e-08 -1.99716e-08 -2.13932e-08 2.60494e-08 -1.00508e-06 -2.8088e-05 0.000696766 0.0100286 0.0104452 0.000510863 0.00587974 1.86228e-05 -0.000196261 -1.95069e-05 -1.06286e-07 -2.98502e-08 -1.91545e-08 -1.91563e-08 -1.82775e-08 3.83316e-06 
3.6 -354.685 8 -354.446 -2.11098e-10 -4.56795e-08 -4.2157e-08 -4.17687e-08 -4.17406e-08 -4.15031e-08 -8.60416e-08 1.70684e-06 -1.42986e-05 0.000156914 0.0296289 0.030065 0.000232224 0.00593561 0.000173471 0.00033502 4.34773e-05 -1.22514e-07 -5.26006e-08 -4.33499e-08 -3.87698e-08 -1.07966e-07 -4.51242e-07 
3.7 -354.685 8 -354.446 1.14327e-08 -1.24817e-08 -1.16996e-08 -1.2055e-08 -1.22164e-08 -1.06396e-08 -2.65265e-08 -4.48637e-07 4.57604e-05 -0.000765168 0.00927323 0.00965019 0.000131025 0.00676854 0.000247037 1.51222e-05 6.84792e-06 1.4998e-07 1.45868e-08 -8.85044e-09 -1.22157e-08 5.01605e-08 -3.64417e-06 
3.8 -354.685 8 -354.446 8.24013e-09 -1.17791e-08 -1.2851e-08 -1.27307e-08 -1.274e-08 -1.44416e-08 5.06022e-08 -1.59686e-06 -2.00025e-05 0.000632996 0.0065817 0.00703469 0.000431512 0.00593064 2.63978e-05 -0.000241542 -2.45045e-05 -4.83758e-08 -2.0326e-08 -1.17526e-08 -1.29781e-08 1.5717e-08 3.26385e-06 
3.9 -354.685 8 -354.446 2.6572e-11 -4.76191e-08 -4.38801e-08 -4.33752e-08 -4.33505e-08 -4.3507e-08 -8.13864e-08 1.8665e-06 -2.8352e-05 0.000373176 0.0293104 0.0297738 0.000491296 0.00585436 0.000191382 0.000320589 4.49102e-05 -2.22271e-07 -6.06029e-08 -4.50347e-08 -3.93382e-08 -1.34288e-07 1.08461e-06 
4 -354.685 8 -354.446 9.151e-09 -1.94127e-08 -1.76407e-08 -1.79762e-08 -1.80469e-08 -1.58666e-08 -5.71119e-08 6.4912e-08 4.91162e-05 -0.000894133 0.0129774 0.0133376 7.36001e-05 0.00674151 0.000301788 9.82903e-05 1.23927e-05 1.84581e-07 1.2352e-08 -1.50764e-08 -1.7875e-08 3.55691e-08 -4.24137e-06 
4.1 -354.685 8 -354.446 9.76117e-09 -3.77166e-09 -5.86786e-09 -5.9812e-09 -5.92842e-09 -7.80199e-09 7.13995e-08 -2.21523e-06 -7.90687e-06 0.000509885 0.00364411 0.00411174 0.000292904 0.00599174 3.72326e-05 -0.000271314 -2.92121e-05 2.68238e-08 -1.02789e-08 -4.51959e-09 -7.44214e-09 5.63469e-08 2.17377e-06 
4.2 -354.685 8 -354.446 1.25903e-09 -4.75427e-08 -4.39657e-08 -4.33337e-08 -4.32888e-08 -4.41285e-08 -6.58308e-08 1.83719e-06 -4.20332e-05 0.000604688 0.0281441 0.0286374 0.000751744 0.00578914 0.000202878 0.000288174 4.43426e-05 -3.3138e-07 -6.79753e-08 -4.39546e-08 -3.83675e-08 -1.51459e-07 2.51421e-06 
4.3 -354.685 8 -354.446 6.66114e-09 -2.7432e-08 -2.45648e-08 -2.48135e-08 -2.48904e-08 -2.20639e-08 -9.27466e-08 7.6567e-07 4.79876e-05 -0.000965799 0.016734 0.0170822 6.83201e-05 0.0066895 0.000354321 0.000180738 1.83085e-05 2.09186e-07 8.26123e-09 -2.2666e-08 -2.40395e-08 5.97685e-09 -4.23575e-06 
4.4 -354.685 8 -354.446 1.04804e-08 3.17953e-09 1.59359e-10 -1.63357e-10 -1.36976e-10 -1.70883e-09 8.46366e-08 -2.78597e-06 7.51396e-06 0.00033045 0.00148251 0.0019481 0.000100779 0.00605463 5.39226e-05 -0.000282603 -3.32034e-05 1.22702e-07 5.42578e-10 1.86423e-09 -2.94941e-09 9.88645e-08 7.33786e-07 
4.5 -354.685 8 -354.446 3.41254e-09 -4.56382e-08 -4.22447e-08 -4.1471e-08 -4.13579e-08 -4.32861e-08 -3.84258e-08 1.56699e-06 -5.37895e-05 0.000832853 0.0261889 0.0266943 0.000995004 0.00574228 0.000204406 0.000240224 4.17073e-05 -4.47413e-07 -7.30858e-08 -4.28508e-08 -3.63227e-08 -1.54756e-07 3.60571e-06 
4.6 -354.685 8 -354.446 4.1319e-09 -3.61409e-08 -3.20272e-08 -3.2137e-08 -3.22236e-08 -2.89289e-08 -1.30126e-07 1.61772e-06 4.18022e-05 -0.000965586 0.0203137 0.0206528 0.000123114 0.00661377 0.000400596 0.000257023 2.41582e-05 2.24712e-07 2.78044e-09 -3.06042e-08 -2.99121e-08 -3.68069e-08 -3.6232e-06 
4.7 -354.685 8 -354.446 1.0022e-08 8.5634e-09 4.76418e-09 4.22201e-09 4.13171e-09 3.35974e-09 8.64595e-08 -3.22407e-06 2.51228e-05 0.00010283 0.000344769 0.000794579 -0.00013548 0.0061156 7.95518e-05 -0.000273879 -3.61039e-05 2.32349e-07 1.11455e-08 7.08501e-09 -1.73098e-10 1.36153e-07 -8.24749e-07 
4.8 -354.685 8 -354.446 6.47115e-09 -4.14707e-08 -3.88167e-08 -3.79841e-08 -3.77582e-08 -4.08753e-08 4.69531e-10 1.02344e-06 -6.20853e-05 0.00103733 0.023545 0.0240363 0.00120388 0.00572144 0.000202891 0.000180337 3.71386e-05 -5.68066e-07 -7.61525e-08 -3.79721e-08 -3.32364e-08 -1.39485e-07 4.18001e-06 
4.9 -354.685 8 -354.446 2.21746e-09 -4.50077e-08 -3.9533e-08 -3.95815e-08 -3.96069e-08 -3.61316e-08 -1.64858e-07 2.55762e-06 3.04673e-05 -0.000884852 0.023512 0.0238344 0.000241489 0.00652346 0.000433106 0.000322079 2.95117e-05 2.35311e-07 -5.73809e-09 -3.97972e-08 -3.56297e-08 -8.78826e-08 -2.50375e-06 
5 -354.685 8 -354.446 8.51731e-09 1.20665e-08 7.64589e-09 6.99484e-09 6.73246e-09 7.30455e-09 7.36487e-08 -3.4421e-06 4.34068e-05 -0.000159842 0.000394553 0.000829853 -0.00040212 0.00616781 0.000111156 -0.000244945 -3.75941e-05 3.5104e-07 2.08328e-08 1.03644e-08 2.51367e-09 1.61658e-07 -2.25066e-06 
5.1 -354.685 8 -354.446 9.41808e-09 -3.5636e-08 -3.37787e-08 -3.28904e-08 -3.2663e-08 -3.70117e-08 4.86355e-08 2.0124e-07 -6.557e-05 0.00119774 0.0203508 0.020835 0.0013625 0.0057247 0.000196964 0.000112992 3.09037e-05 -6.94606e-07 -7.59468e-08 -3.29997e-08 -3.00535e-08 -1.06548e-07 4.14987e-06 
5.2 -354.685 8 -354.446 1.37881e-09 -5.34753e-08 -4.67548e-08 -4.66962e-08 -4.65344e-08 -4.344e-08 -1.91532e-07 3.49677e-06 1.4429e-05 -0.000722194 0.0261547 0.026458 0.000422419 0.0064217 0.000451991 0.000371644 3.39897e-05 2.43784e-07 -1.7793e-08 -4.66319e-08 -4.07546e-08 -1.39796e-07 -1.06072e-06 
5.3 -354.685 8 -354.446 6.07082e-09 1.32536e-08 8.66607e-09 7.92333e-09 7.60345e-09 9.75679e-09 4.43465e-08 -3.36068e-06 6.06005e-05 -0.000439932 0.00162616 0.00201356 -0.000682158 0.00620856 0.000145039 -0.000197183 -3.74657e-05 4.7808e-07 3.01327e-08 1.1806e-08 3.57716e-09 1.686e-07 -3.31446e-06 
5.4 -354.685 8 -354.446 1.21671e-08 -2.8168e-08 -2.7403e-08 -2.65672e-08 -2.63652e-08 -3.17116e-08 1.01952e-07 -8.72021e-07 -6.32397e-05 0.00129547 0.0167803 0.0172698 0.00145648 0.00575091 0.000189256 4.32965e-05 2.33679e-05 -8.27349e-07 -7.09009e-08 -2.57618e-08 -2.60005e-08 -5.87166e-08 3.5214e-06 
5.5 -354.685 8 -354.446 1.80889e-09 -6.11108e-08 -5.30592e-08 -5.29452e-08 -5.27168e-08 -5.059e-08 -2.04787e-07 4.3279e-06 -5.31915e-06 -0.000483871 0.0281029 0.0283988 0.00065926 0.00631415 0.00045747 0.000402506 3.72878e-05 2.53255e-07 -3.08466e-08 -5.52816e-08 -4.56155e-08 -1.86179e-07 4.71166e-07 
5.6 -354.685 8 -354.446 2.84958e-09 1.20408e-08 7.68768e-09 6.86135e-09 6.41245e-09 1.05676e-08 -1.78931e-09 -2.91954e-06 7.48463e-05 -0.000716063 0.0038677 0.0042161 -0.000955662 0.00623386 0.000176509 -0.000133271 -3.55875e-05 6.10569e-07 3.63432e-08 1.10571e-08 3.60776e-09 1.55257e-07 -3.84821e-06 
5.7 -354.685 8 -354.446 1.39312e-08 -1.91941e-08 -2.02369e-08 -1.93837e-08 -1.92009e-08 -2.51313e-08 1.55006e-07 -2.13345e-06 -5.45783e-05 0.00131543 0.0130377 0.0135147 0.00147526 0.00579959 0.000182098 -2.35244e-05 1.49824e-05 -9.69231e-07 -6.31262e-08 -1.68733e-08 -2.11445e-08 9.95156e-10 2.40445e-06 
5.8 -354.685 8 -354.446 4.02692e-09 -6.72008e-08 -5.81834e-08 -5.7913e-08 -5.75378e-08 -5.71218e-08 -1.99903e-07 4.93437e-06 -2.72839e-05 -0.000183396 0.0292571 0.0295499 0.000940913 0.00620433 0.00045094 0.000412738 3.91811e-05 2.66764e-07 -4.40455e-08 -6.20508e-08 -4.97731e-08 -2.18309e-07 1.83963e-06 
5.9 -354.685 8 -354.446 -7.26358e-10 8.34774e-09 4.784e-09 3.92626e-09 3.19219e-09 9.63184e-09 -6.27935e-08 -2.08775e-06 8.43744e-05 -0.000964185 0.00686847 0.00718861 -0.00120024 0.00624049 0.00020261 -5.70489e-05 -3.19324e-05 7.49512e-07 3.86844e-08 8.49032e-09 2.73655e-09 1.20328e-07 -3.77005e-06 
6 -354.685 8 -354.446 1.43997e-08 -1.0025e-08 -1.25706e-08 -1.18608e-08 -1.16525e-08 -1.75847e-08 2.01064e-07 -3.48573e-06 -3.96587e-05 0.00124752 0.00935223 0.00982085 0.00141105 0.00586945 0.000177895 -8.23924e-05 6.20405e-06 -1.12334e-06 -4.97418e-08 -8.83706e-09 -1.61117e-08 6.17562e-08 9.90497e-07 
6.1 -354.685 8 -354.446 7.06573e-09 -7.12143e-08 -6.16548e-08 -6.12903e-08 -6.06326e-08 -6.28396e-08 -1.72954e-07 5.20213e-06 -4.95739e-05 0.000159686 0.0295584 0.0298494 0.00125245 0.00610193 0.000433979 0.000401795 3.95596e-05 2.85693e-07 -5.91991e-08 -6.49637e-08 -5.33431e-08 -2.32246e-07 2.82511e-06 
6.2 -354.685 8 -354.446 -3.76129e-09 2.24059e-09 1.393e-10 -7.72631e-10 -1.62339e-09 6.77241e-09 -1.3492e-07 -8.72457e-07 8.76881e-05 -0.00115933 0.0103618 0.0106663 -0.00139476 0.00622511 0.000221753 2.67756e-05 -2.65289e-05 8.96941e-07 3.74313e-08 4.29343e-09 5.14277e-10 6.80066e-08 -3.10808e-06 
6.3 -354.685 8 -354.446 1.37207e-08 -6.5956e-10 -5.10679e-09 -4.39079e-09 -4.4683e-09 -9.15395e-09 2.32648e-07 -4.80278e-06 -1.91906e-05 0.00108796 0.00597255 0.00644385 0.00125972 0.00595344 0.000177584 -0.000128896 -2.49869e-06 -1.29557e-06 -3.20153e-08 -1.43165e-09 -1.02142e-08 1.16956e-07 -4.82526e-07 
6.4 -354.685 8 -354.446 1.07384e-08 -7.30089e-08 -6.32957e-08 -6.28804e-08 -6.19785e-08 -6.72785e-08 -1.22171e-07 5.03255e-06 -7.00466e-05 0.000521595 0.0289921 0.0292889 0.00157576 0.00601161 0.000408777 0.000370472 3.83621e-05 3.16306e-07 -7.36055e-08 -6.86141e-08 -5.57263e-08 -2.226e-07 3.27217e-06 
6.5 -354.685 8 -354.446 -5.72892e-09 -5.67619e-09 -6.08756e-09 -6.94727e-09 -7.77331e-09 1.97869e-09 -2.11307e-07 6.75806e-07 8.37396e-05 -0.00127815 0.0140877 0.0143884 -0.00151473 0.00618866 0.0002356 0.000113058 -1.94683e-05 1.0543e-06 2.9064e-08 -1.53333e-09 -3.07254e-09 3.55873e-09 -1.98631e-06 
6.6 -354.685 8 -354.446 1.14815e-08 7.65911e-09 1.83939e-09 2.35136e-09 2.07297e-09 -3.03755e-10 2.4228e-07 -5.93845e-06 5.48812e-06 0.000840217 0.00316145 0.00364159 0.00102551 0.00605031 0.00018069 -0.000159681 -1.06797e-05 -1.48924e-06 -7.87461e-09 6.07472e-09 -3.879e-09 1.58959e-07 -1.76103e-06 
6.7 -354.685 8 -354.446 1.44443e-08 -7.21816e-08 -6.2907e-08 -6.2334e-08 -6.11731e-08 -7.00496e-08 -4.84635e-08 4.3564e-06 -8.65001e-05 0.000876265 0.0275871 0.0278992 0.00188474 0.00593707 0.000377982 0.00032096 3.55843e-05 3.52126e-07 -8.64389e-08 -6.90146e-08 -5.77377e-08 -1.89962e-07 3.11326e-06 
6.8 -354.685 8 -354.446 -6.32972e-09 -1.4958e-08 -1.34412e-08 -1.43083e-08 -1.50132e-08 -4.81524e-09 -2.83485e-07 2.46153e-06 7.20654e-05 -0.0013015 0.0177999 0.0181117 -0.00153693 0.00613348 0.000242839 0.0001965 -1.09014e-05 1.22884e-06 1.44138e-08 -8.50015e-09 -8.05785e-09 -6.65414e-08 -6.0297e-07 
6.9 -354.685 8 -354.446 8.05302e-09 1.47296e-08 7.69253e-09 8.08465e-09 7.39519e-09 8.53304e-09 2.23994e-07 -6.73975e-06 3.24945e-05 0.000515234 0.00118245 0.00167961 0.000723087 0.0061543 0.000173514 -0.000172634 -1.78961e-05 -1.70528e-06 2.05728e-08 1.19478e-08 1.61229e-09 1.82716e-07 -2.62972e-06 
7 -354.685 8 -354.446 1.75386e-08 -6.85872e-08 -6.04038e-08 -5.97493e-08 -5.84803e-08 -7.08083e-08 4.42613e-08 3.14573e-06 -9.68857e-05 0.00119715 0.0254154 0.0257451 0.00215786 0.00587598 0.000329353 0.000256757 3.12249e-05 3.87213e-07 -9.89934e-08 -6.53344e-08 -5.91114e-08 -1.37505e-07 2.38745e-06 
7.1 -354.685 8 -354.446 -4.84948e-09 -2.51025e-08 -2.15703e-08 -2.23908e-08 -2.28248e-08 -1.34847e-08 -3.41506e-07 4.34759e-06 5.289e-05 -0.00121688 0.0212769 0.0216037 -0.001457 0.00605471 0.000280671 0.000271935 -1.04317e-06 1.4321e-06 -3.11824e-09 -1.75072e-08 -1.31764e-08 -1.30293e-07 7.96242e-07 
7.2 -354.685 8 -354.446 3.80567e-09 1.97896e-08 1.20546e-08 1.22092e-08 1.13119e-08 1.69902e-08 1.73271e-07 -7.06205e-06 5.95298e-05 0.000131267 0.000269821 0.000786502 0.000360497 0.0062579 0.000184886 -0.000166964 -2.37317e-05 -1.95095e-06 4.78899e-08 1.64669e-08 8.05221e-09 1.78006e-07 -2.94569e-06 
7.3 -354.685 8 -354.446 1.92613e-08 -6.25914e-08 -5.58536e-08 -5.51394e-08 -5.39179e-08 -6.90701e-08 1.4878e-07 1.42289e-06 -9.95163e-05 0.00145916 0.0225892 0.0229439 0.00237141 0.00585148 0.000297117 0.000182241 2.53128e-05 4.23821e-07 -1.02748e-07 -6.14504e-08 -5.9059e-08 -6.77456e-08 1.22968e-06 
7.4 -354.685 8 -354.446 -1.78428e-09 -3.54256e-08 -2.99146e-08 -3.04861e-08 -3.065e-08 -2.39274e-08 -3.75546e-07 6.16366e-06 2.71656e-05 -0.00102055 0.0243234 0.0246697 -0.0012651 0.00595998 0.000294222 0.00033513 9.8062e-06 1.65278e-06 -2.99365e-08 -2.57919e-08 -1.96338e-08 -1.81277e-07 1.9691e-06 
7.5 -354.685 8 -354.446 -4.01454e-10 2.24771e-08 1.46193e-08 1.45464e-08 1.33754e-08 2.43479e-08 8.9729e-08 -6.78538e-06 8.40617e-05 -0.00028687 0.000555406 0.00108608 -3.17282e-05 0.00635467 0.000198091 -0.000142731 -2.77956e-05 -2.20471e-06 7.84518e-08 1.95909e-08 1.34933e-08 1.48881e-07 -2.66175e-06 
7.6 -354.685 8 -354.446 1.94432e-08 -5.43827e-08 -4.95536e-08 -4.88817e-08 -4.76621e-08 -6.44886e-08 2.55394e-07 -7.34033e-07 -9.32606e-05 0.00164046 0.0192584 0.0196431 0.00249951 0.00585555 0.000265338 0.000102617 1.7913e-05 4.50132e-07 -1.00204e-07 -5.46508e-08 -5.67414e-08 6.86125e-09 -1.49609e-07 
7.7 -354.685 8 -354.446 2.1399e-09 -4.50698e-08 -3.78571e-08 -3.82749e-08 -3.80862e-08 -3.5736e-08 -3.75482e-07 7.71862e-06 -3.44754e-06 -0.00071856 0.0267754 0.0271401 -0.000971143 0.00585265 0.000305271 0.000382094 2.12297e-05 1.90035e-06 -6.60452e-08 -3.44485e-08 -2.72323e-08 -2.10905e-07 2.70817e-06 
7.8 -354.685 8 -354.446 -3.77391e-09 2.2455e-08 1.4984e-08 1.48489e-08 1.34114e-08 2.9909e-08 -2.45353e-08 -5.83054e-06 0.000103543 -0.000709053 0.00199278 0.00252609 -0.000425906 0.00643796 0.000211481 -0.000102162 -2.97429e-05 -2.48501e-06 1.08638e-07 2.15365e-08 1.7707e-08 9.82925e-08 -1.83083e-06 
7.9 -354.685 8 -354.446 1.7705e-08 -4.43367e-08 -4.18478e-08 -4.11192e-08 -4.01116e-08 -5.69444e-08 3.5194e-07 -3.19154e-06 -7.77033e-05 0.00172374 0.0156066 0.0160233 0.0025255 0.00588921 0.000230294 2.1841e-05 9.14123e-06 4.69173e-07 -9.30171e-08 -4.83681e-08 -5.21104e-08 7.54122e-08 -1.50568e-06 
8 -354.685 8 -354.446 6.84828e-09 -5.3691e-08 -4.50055e-08 -4.5236e-08 -4.45739e-08 -4.82372e-08 -3.3482e-07 8.81721e-06 -3.66705e-05 -0.000326527 0.028506 0.0288865 -0.000584276 0.00574132 0.000314603 0.000410549 3.27123e-05 2.18884e-06 -1.06199e-07 -4.26914e-08 -3.59414e-08 -2.15394e-07 2.88132e-06 
8.1 -354.685 8 -354.446 -5.33261e-09 1.96785e-08 1.33632e-08 1.30399e-08 1.14068e-08 3.30038e-08 -1.6143e-07 -4.17275e-06 0.000115646 -0.00110166 0.00438617 0.00490985 -0.000786534 0.00649518 0.000217502 -4.76122e-05 -2.92738e-05 -2.79411e-06 1.37975e-07 2.25907e-08 2.00343e-08 3.18191e-08 -5.99888e-07 
8.2 -354.685 8 -354.446 1.43114e-08 -3.34217e-08 -3.30683e-08 -3.25178e-08 -3.18175e-08 -4.6416e-08 4.24246e-07 -5.76602e-06 -5.32499e-05 0.00169737 0.011845 0.0122924 0.00244025 0.00595407 0.000195881 -5.43436e-05 -8.17532e-07 4.5972e-07 -7.75241e-08 -4.18647e-08 -4.53984e-08 1.32869e-07 -2.59441e-06 
8.3 -354.685 8 -354.446 1.11091e-08 -6.03956e-08 -5.09036e-08 -5.09671e-08 -4.96848e-08 -6.0757e-08 -2.50032e-07 9.27913e-06 -6.9758e-05 0.000131783 0.0294274 0.0298189 -0.000128645 0.00564474 0.000348089 0.000419398 4.36202e-05 2.51976e-06 -1.49797e-07 -4.85509e-08 -4.41587e-08 -1.93008e-07 2.45459e-06 
8.4 -354.685 8 -354.446 -5.0724e-09 1.41694e-08 9.53555e-09 9.18252e-09 7.40917e-09 3.29195e-08 -3.10379e-07 -1.85201e-06 0.000118495 -0.00142992 0.00747794 0.0079783 -0.00108035 0.00653095 0.000245059 1.71496e-05 -2.61968e-05 -3.09563e-06 1.62323e-07 2.17246e-08 2.07312e-08 -4.25946e-08 8.13628e-07 
8.5 -354.685 8 -354.446 9.61032e-09 -2.18521e-08 -2.38302e-08 -2.34129e-08 -2.33666e-08 -3.31673e-08 4.60102e-07 -8.2351e-06 -2.11594e-05 0.00155612 0.00820775 0.00867876 0.00223403 0.00604251 0.000156811 -0.000122073 -1.16325e-05 4.03892e-07 -5.17069e-08 -3.58039e-08 -3.66514e-08 1.69775e-07 -3.21981e-06 
8.6 -354.685 8 -354.446 1.43827e-08 -6.47286e-08 -5.51194e-08 -5.49583e-08 -5.30459e-08 -7.24352e-08 -1.22253e-07 8.95889e-06 -9.97094e-05 0.000626458 0.0294931 0.0298916 0.00035819 0.00554743 0.000361934 0.000408125 5.32929e-05 2.88756e-06 -1.98873e-07 -5.23369e-08 -5.28184e-08 -1.47965e-07 1.49717e-06 
8.7 -354.685 8 -354.446 -2.86438e-09 6.24733e-09 3.82034e-09 3.40164e-09 1.76943e-09 2.9155e-08 -4.56802e-07 1.0224e-06 0.000110868 -0.00166087 0.011001 0.0114595 -0.00127367 0.00653397 0.000266798 8.69568e-05 -2.04989e-05 -3.39072e-06 1.77321e-07 1.84232e-08 1.92415e-08 -1.15351e-07 2.16206e-06 
8.8 -354.685 8 -354.446 4.57027e-09 -1.06795e-08 -1.47157e-08 -1.44207e-08 -1.50909e-08 -1.7563e-08 4.48921e-07 -1.03547e-05 1.65025e-05 0.00130204 0.00494627 0.00543864 0.00191415 0.00614128 0.000101178 -0.00017676 -2.28733e-05 2.93284e-07 -1.46156e-08 -2.90746e-08 -2.59512e-08 1.83547e-07 -3.26521e-06 
8.9 -354.685 8 -354.446 1.59317e-08 -6.63257e-08 -5.72327e-08 -5.68454e-08 -5.44476e-08 -8.21715e-08 4.31633e-08 7.76433e-06 -0.000123525 0.00112373 0.0286995 0.0291066 0.000844128 0.00547197 0.000397188 0.000377875 6.10255e-05 3.29602e-06 -2.46931e-07 -5.54027e-08 -6.0467e-08 -8.67854e-08 1.69248e-07 
9 -354.685 8 -354.446 1.18903e-09 -3.75093e-09 -3.59831e-09 -3.99354e-09 -5.23271e-09 2.12107e-08 -5.85822e-07 4.27335e-06 9.2363e-05 -0.00176715 0.0146985 0.0151114 -0.00134169 0.00650785 0.00030748 0.000156788 -1.23463e-05 -3.65797e-06 1.85114e-07 1.39546e-08 1.52831e-08 -1.78272e-07 3.2072e-06 
9.1 -354.685 8 -354.446 -1.03501e-10 -3.66732e-10 -6.17416e-09 -6.13625e-09 -7.6419e-09 -4.07493e-10 3.83065e-07 -1.18792e-05 5.69916e-05 0.000945007 0.00232258 0.00280741 0.00149183 0.00625533 5.97205e-05 -0.000215819 -3.39664e-05 1.12634e-07 2.80176e-08 -2.2469e-08 -1.40292e-08 1.71575e-07 -2.70976e-06 
9.2 -354.685 8 -354.446 1.5341e-08 -6.50643e-08 -5.70201e-08 -5.64877e-08 -5.38409e-08 -8.89175e-08 2.36497e-07 5.67266e-06 -0.000138476 0.00158836 0.0270853 0.0275022 0.00129103 0.0054251 0.000401743 0.000330528 6.6203e-05 3.73128e-06 -2.93275e-07 -5.60021e-08 -6.70303e-08 -1.63909e-08 -1.30505e-06 
9.3 -354.685 8 -354.446 6.50779e-09 -1.51975e-08 -1.2276e-08 -1.26428e-08 -1.32578e-08 9.12678e-09 -6.80686e-07 7.66377e-06 6.35031e-05 -0.00173068 0.0183305 0.0186837 -0.00126689 0.0064505 0.000352125 0.000222464 -2.1241e-06 -3.87316e-06 1.82937e-07 7.6587e-09 7.642e-09 -2.21489e-07 3.75952e-06 
9.4 -354.685 8 -354.446 -3.47475e-09 8.20421e-09 1.09434e-09 9.55925e-10 -1.3854e-09 1.73289e-08 2.5901e-07 -1.2585e-05 9.70733e-05 0.000502621 0.000596136 0.00105094 0.000990851 0.00636791 2.80043e-05 -0.000237144 -4.42683e-05 -1.41166e-07 7.81128e-08 -1.53575e-08 -2.01877e-09 1.34893e-07 -1.63812e-06 
9.5 -354.685 8 -354.446 1.2651e-08 -6.10201e-08 -5.46391e-08 -5.39379e-08 -5.12332e-08 -9.17332e-08 4.42912e-07 2.74179e-06 -0.000142378 0.00198601 0.0247305 0.0251628 0.00166536 0.00541344 0.000392961 0.000269511 6.83499e-05 4.18261e-06 -3.3806e-07 -5.62074e-08 -6.96474e-08 5.40017e-08 -2.67606e-06 
9.6 -354.685 8 -354.446 1.21449e-08 -2.72741e-08 -2.15665e-08 -2.19825e-08 -2.17599e-08 -7.09584e-09 -7.25379e-07 1.09123e-05 2.57659e-05 -0.00154546 0.0216798 0.0219829 -0.00104792 0.00636675 0.000397114 0.000279456 9.59713e-06 -4.0169e-06 1.72356e-07 3.60535e-10 -2.57195e-09 -2.40266e-07 3.7161e-06 
9.7 -354.685 8 -354.446 -4.99033e-09 1.43883e-08 6.66764e-09 6.41368e-09 3.27993e-09 3.4499e-08 7.87499e-08 -1.22948e-05 0.00013328 -5.04787e-08 -1.63841e-05 0.00037143 0.000439446 0.00647169 9.23955e-06 -0.000239873 -5.31237e-05 -4.83264e-07 1.31207e-07 -9.44726e-09 9.72508e-09 8.18232e-08 -2.1992e-07 
9.8 -354.685 8 -354.446 7.72817e-09 -5.40457e-08 -5.00477e-08 -4.91907e-08 -4.66809e-08 -8.9595e-08 6.43904e-07 -8.8574e-07 -0.000133833 0.00228569 0.0217548 0.0221864 0.0019425 0.00543511 0.000368981 0.000198474 6.72017e-05 4.62887e-06 -3.76938e-07 -5.34533e-08 -6.75722e-08 1.16196e-07 -3.70903e-06 
9.9 -354.685 8 -354.446 1.73831e-08 -3.93903e-08 -3.12295e-08 -3.14368e-08 -3.02465e-08 -2.69227e-08 -7.06429e-07 1.37138e-05 -1.84646e-05 -0.0012188 0.0245566 0.0248153 -0.000690145 0.00626621 0.00043802 0.000323788 2.20868e-05 -4.06233e-06 1.53322e-07 -7.54263e-09 -1.68836e-08 -2.37983e-07 3.07032e-06 
10 -354.685 8 -354.446 -4.09553e-09 1.78137e-08 1.02989e-08 9.7716e-09 5.98861e-09 4.95714e-08 -1.49619e-07 -1.08995e-05 0.00016219 -0.000531044 0.000574629 0.000888315 -0.000127259 0.00655554 2.85549e-06 -0.000224485 -5.99655e-05 -9.08612e-07 1.87816e-07 -6.66069e-09 1.91048e-08 1.82146e-08 1.31215e-06 
10.1 -354.685 8 -354.446 1.79043e-09 -4.497e-08 -4.34699e-08 -4.26082e-08 -4.05789e-08 -8.18809e-08 8.18669e-07 -4.98532e-06 -0.000112419 0.00246188 0.0183158 0.0187403 0.00209439 0.00548946 0.000331568 0.000121757 6.27543e-05 5.0497e-06 -4.04993e-07 -4.87785e-08 -6.06626e-08 1.61648e-07 -4.22739e-06 
10.2 -354.685 8 -354.446 2.09878e-08 -5.06253e-08 -4.05014e-08 -4.05603e-08 -3.81659e-08 -4.94006e-08 -6.14649e-07 1.57653e-05 -6.60237e-05 -0.000770334 0.0268057 0.0270282 -0.00021767 0.00615636 0.000470688 0.000352454 3.45217e-05 -3.99443e-06 1.22484e-07 -1.48309e-08 -3.2442e-08 -2.10835e-07 1.92339e-06 
10.3 -354.685 8 -354.446 -5.94788e-10 1.81124e-08 1.16439e-08 1.0976e-08 6.65978e-09 6.10056e-08 -4.11827e-07 -8.37636e-06 0.000180724 -0.00105247 0.00227572 0.00249972 -0.000670649 0.00661243 7.72091e-06 -0.000192462 -6.43293e-05 -1.39906e-06 2.41599e-07 -6.03615e-09 2.63174e-08 -4.61902e-08 2.70699e-06 
10.4 -354.685 8 -354.446 -4.50944e-09 -3.38677e-08 -3.54241e-08 -3.44766e-08 -3.33458e-08 -6.83842e-08 9.45545e-07 -9.26156e-06 -7.88105e-05 0.0024964 0.0146029 0.0150077 0.00211064 0.00557312 0.00028756 4.42386e-05 5.52594e-05 5.39851e-06 -4.21511e-07 -4.06795e-08 -5.27337e-08 1.87636e-07 -4.13734e-06 
10.5 -354.685 8 -354.446 2.22219e-08 -6.03928e-08 -4.87909e-08 -4.86968e-08 -4.50057e-08 -7.31083e-08 -4.4678e-07 1.67936e-05 -0.000113174 -0.000229508 0.0283097 0.0285082 0.000337185 0.00604763 0.000489436 0.000363043 4.60587e-05 -3.79238e-06 8.27425e-08 -2.32265e-08 -4.67552e-08 -1.65388e-07 4.53896e-07 
10.6 -354.685 8 -354.446 4.89089e-09 1.52753e-08 1.06565e-08 9.76227e-09 5.34072e-09 6.73626e-08 -6.88202e-07 -4.80157e-06 0.000186434 -0.00152243 0.00486703 0.00501428 -0.00115345 0.00663624 2.07742e-05 -0.000146266 -6.59087e-05 -1.9388e-06 2.90511e-07 -4.11572e-09 2.97007e-08 -1.09189e-07 3.73554e-06 
10.7 -354.685 8 -354.446 -9.91166e-09 -2.1789e-08 -2.6322e-08 -2.52685e-08 -2.54446e-08 -4.90164e-08 1.00436e-06 -1.33669e-05 -3.47988e-05 0.00237991 0.0108336 0.0112022 0.00198276 0.0056794 0.000245423 -2.9025e-05 4.52183e-05 5.65378e-06 -4.22608e-07 -3.52735e-08 -4.04906e-08 1.90286e-07 -3.44688e-06 
10.8 -354.685 8 -354.446 2.04342e-08 -6.78317e-08 -5.55929e-08 -5.53894e-08 -5.04881e-08 -9.64535e-08 -2.06429e-07 1.65837e-05 -0.000155884 0.000367509 0.0289903 0.0291619 0.000942861 0.00594796 0.000489698 0.000354264 5.59053e-05 -3.45224e-06 3.69261e-08 -2.97771e-08 -5.88997e-08 -1.09338e-07 -1.10289e-06 
10.9 -354.685 8 -354.446 1.19318e-08 9.54291e-09 7.40503e-09 6.27792e-09 2.06336e-09 6.7308e-08 -9.54295e-07 -3.54002e-07 0.000177753 -0.00189792 0.00808605 0.00816274 -0.00153477 0.00662307 3.88737e-05 -8.9702e-05 -6.46158e-05 -2.50102e-06 3.32152e-07 -4.58841e-09 2.84807e-08 -1.57098e-07 4.23033e-06 
11 -354.685 8 -354.446 -1.36515e-08 -9.40303e-09 -1.65444e-08 -1.56303e-08 -1.7226e-08 -2.45419e-08 9.78481e-07 -1.69271e-05 1.67878e-05 0.00211284 0.00724921 0.0075899 0.00171657 0.00580534 0.000212501 -9.31117e-05 3.33188e-05 5.78472e-06 -4.12478e-07 -2.85781e-08 -2.63052e-08 1.74623e-07 -2.26681e-06 
11.1 -354.685 8 -354.446 1.62377e-08 -7.25473e-08 -6.05959e-08 -6.00812e-08 -5.40855e-08 -1.17373e-07 9.47624e-08 1.50049e-05 -0.000190151 0.000980883 0.0288134 0.0289638 0.00155694 0.0058635 0.000470651 0.000325986 6.34317e-05 -2.97758e-06 -1.31024e-08 -3.45349e-08 -7.02127e-08 -5.015e-08 -2.49429e-06 
11.2 -354.685 8 -354.446 1.88303e-08 1.16263e-09 1.81526e-09 6.8434e-10 -2.86758e-09 5.98105e-08 -1.18314e-06 4.68919e-06 0.000154203 -0.0021388 0.0116685 0.0116947 -0.00177829 0.00658116 5.96267e-05 -2.70579e-05 -6.05523e-05 -3.0477e-06 3.61299e-07 -6.01299e-09 2.33829e-08 -1.84214e-07 4.1126e-06 
11.3 -354.685 8 -354.446 -1.45404e-08 2.46414e-09 -6.84625e-09 -6.12425e-09 -9.47607e-09 3.72912e-09 8.57114e-07 -1.95725e-05 7.22583e-05 0.00170576 0.00410655 0.00439495 0.00131545 0.0059354 0.00019148 -0.000143719 2.0342e-05 5.76174e-06 -3.88125e-07 -2.25026e-08 -1.09765e-08 1.39121e-07 -7.90967e-07 
11.4 -354.685 8 -354.446 1.01114e-08 -7.42308e-08 -6.32139e-08 -6.24834e-08 -5.59541e-08 -1.33884e-07 4.3776e-07 1.20317e-05 -0.00021235 0.00156989 0.0277878 0.0279152 0.00213167 0.00580104 0.000435348 0.000279672 6.81983e-05 -2.38644e-06 -6.04886e-08 -3.76718e-08 -7.83428e-08 4.83386e-09 -3.49719e-06 
11.5 -354.685 8 -354.446 2.45902e-08 -9.19427e-09 -5.62165e-09 -6.76348e-09 -8.94458e-09 4.43688e-08 -1.34724e-06 9.96706e-06 0.000116494 -0.00221293 0.0153626 0.0153579 -0.00184899 0.00650853 7.98828e-05 3.66696e-05 -5.40029e-05 -3.53605e-06 3.75828e-07 -9.98426e-09 1.43752e-08 -1.947e-07 3.4053e-06 
11.6 -354.685 8 -354.446 -1.25826e-08 1.29514e-08 2.17812e-09 2.60653e-09 -2.41601e-09 3.42442e-08 6.37222e-07 -2.09711e-05 0.000127319 0.00117937 0.00167261 0.00190774 0.000808143 0.00605927 0.000179563 -0.000177387 7.1271e-06 5.55999e-06 -3.52935e-07 -1.45636e-08 4.31264e-09 9.6112e-08 7.41423e-07 
11.7 -354.685 8 -354.446 2.58959e-09 -7.25493e-08 -6.34988e-08 -6.24647e-08 -5.59339e-08 -1.43986e-07 7.96514e-07 7.75707e-06 -0.000219585 0.00209532 0.0259655 0.0260686 0.00264723 0.00577165 0.000391038 0.000218118 6.99545e-05 -1.69677e-06 -1.03563e-07 -4.01275e-08 -8.17433e-08 4.8795e-08 -3.95227e-06 
11.8 -354.685 8 -354.446 2.81611e-08 -2.11611e-08 -1.44049e-08 -1.56077e-08 -1.60331e-08 2.10774e-08 -1.42142e-06 1.50577e-05 6.65725e-05 -0.0021018 0.0189349 0.01891 -0.00174795 0.00640594 9.92876e-05 9.63912e-05 -4.53793e-05 -3.92613e-06 3.75168e-07 -1.59878e-08 1.05836e-09 -1.88476e-07 2.22738e-06 
11.9 -354.685 8 -354.446 -7.54655e-09 2.12994e-08 9.94018e-09 1.00917e-08 3.564e-09 6.46716e-08 3.24493e-07 -2.08621e-05 0.000177391 0.000563881 0.000207327 0.000393095 0.000222894 0.00617983 0.000180582 -0.000191913 -5.47263e-06 5.17783e-06 -3.05298e-07 -6.18673e-09 1.82668e-08 4.81703e-08 2.08112e-06 
12 -354.685 8 -354.446 -4.89581e-09 -6.7638e-08 -6.12902e-08 -6.00124e-08 -5.39731e-08 -1.45679e-07 1.13961e-06 2.39723e-06 -0.000210002 0.00252157 0.0234392 0.0235111 0.0030543 0.00576955 0.000341383 0.000145188 6.86412e-05 -9.46255e-07 -1.41106e-07 -4.21275e-08 -8.01892e-08 7.81466e-08 -3.79457e-06 
