t=0 enPsi maxBondDim enPhi svn(x) 
0 -78.456 171 -77.2254 1.43745 1.21076 1.33122 1.3102 1.33275 1.3327 1.33874 1.34021 1.3423 1.34327 1.34413 1.34464 1.34502 1.34524 1.34537 1.34541 1.34537 1.34523 1.34501 1.34463 1.34412 1.34325 1.34229 1.3402 1.33873 1.3327 1.33276 1.31021 1.33124 1.2108 1.43747 
0.1 -78.456 120 -77.2275 0.00397215 0.00224222 -0.000647109 -0.000734678 -0.00077681 -0.000806126 -0.000837825 -0.000874016 -0.000890624 -0.000895069 -0.000901952 -0.00090965 -0.000910365 -0.00090884 -0.000901197 -0.000900558 -0.00089846 -0.000897854 -0.000902345 -0.000892731 -0.000886182 -0.000882048 -0.000885805 -0.000873468 -0.00083291 -0.000807696 -0.000799151 -0.000768488 -0.000687133 -0.000497008 -4.41053e-05 
0.2 -78.456 103 -77.2236 0.0156248 0.0099171 -0.00119998 -0.00136776 -0.00141862 -0.00145748 -0.00152809 -0.00156421 -0.0016 -0.00160624 -0.00160734 -0.00160858 -0.00160249 -0.0016274 -0.00161427 -0.00161471 -0.00162426 -0.00163008 -0.00162401 -0.00160951 -0.00159012 -0.0015719 -0.00159522 -0.0015758 -0.0015374 -0.00147177 -0.00144741 -0.00139033 -0.00126051 -0.000923054 -0.000124543 
0.3 -78.456 94 -77.2201 0.0341791 0.0229282 -0.00159398 -0.00199026 -0.00210667 -0.00215494 -0.00226231 -0.00232778 -0.00236989 -0.00239684 -0.00240848 -0.00240453 -0.00241439 -0.00246156 -0.00244262 -0.00241621 -0.00242387 -0.00245954 -0.00246708 -0.00244099 -0.0023973 -0.00234827 -0.00236097 -0.0023381 -0.0022601 -0.00217456 -0.00216059 -0.00201669 -0.00176955 -0.0013377 -0.000208636 
0.4 -78.456 90 -77.2183 0.0583836 0.0410066 -0.0018335 -0.00264867 -0.00291076 -0.00293107 -0.00295222 -0.00294802 -0.00294202 -0.00296253 -0.00299384 -0.00301952 -0.00304043 -0.00306031 -0.00305802 -0.00305323 -0.00305122 -0.00305437 -0.00304582 -0.00301812 -0.00298208 -0.0029475 -0.00293276 -0.00292765 -0.00295849 -0.00293864 -0.00293023 -0.00276129 -0.00241262 -0.00178102 -0.000300425 
0.5 -78.456 86 -77.216 0.0867808 0.0639959 -0.00161569 -0.00311889 -0.00361476 -0.00376164 -0.00387409 -0.00392553 -0.00394349 -0.00393666 -0.00391813 -0.00388727 -0.0038738 -0.00388664 -0.0038792 -0.00386957 -0.00386844 -0.00387088 -0.00387606 -0.00387509 -0.00384836 -0.00385422 -0.00389827 -0.00391018 -0.0038718 -0.00377114 -0.00364604 -0.0034149 -0.00302097 -0.00226521 -0.00041459 
0.6 -78.456 83 -77.2141 0.117829 0.0914815 -0.000994979 -0.00365201 -0.00447798 -0.0046458 -0.00474492 -0.00482642 -0.00488523 -0.00492951 -0.00496573 -0.00499052 -0.00502002 -0.00504531 -0.00504353 -0.00503292 -0.00503209 -0.00503796 -0.0050263 -0.00499141 -0.00494144 -0.00489562 -0.00486192 -0.00482621 -0.00474562 -0.00465477 -0.00452045 -0.00427901 -0.00389997 -0.00291012 -0.000569266 
0.7 -78.456 83 -77.2136 0.150056 0.123084 0.000412586 -0.0040786 -0.00545569 -0.00569547 -0.00577195 -0.00582767 -0.00589788 -0.00593535 -0.00595011 -0.00594983 -0.0059758 -0.00599573 -0.00599433 -0.00597738 -0.0059776 -0.00599156 -0.00599373 -0.00596703 -0.00592016 -0.00588616 -0.00586016 -0.00582957 -0.00577786 -0.00571062 -0.00552325 -0.00527177 -0.00486194 -0.00360017 -0.000755312 
0.8 -78.456 83 -77.2127 0.182142 0.15824 0.0028602 -0.00432818 -0.00656376 -0.00684721 -0.0069538 -0.00699942 -0.00703687 -0.00708113 -0.00711545 -0.0071185 -0.00714544 -0.00716712 -0.00718816 -0.00717381 -0.00714828 -0.00715898 -0.00717297 -0.00713542 -0.00707565 -0.00704314 -0.00701086 -0.00703511 -0.0069736 -0.00685685 -0.00664722 -0.00634235 -0.00585925 -0.00432663 -0.000972939 
0.9 -78.456 83 -77.2124 0.213026 0.196245 0.00665566 -0.00419182 -0.00765338 -0.00803054 -0.0081711 -0.00827422 -0.00829602 -0.00828476 -0.00830837 -0.00831657 -0.00836272 -0.0083744 -0.00838553 -0.00837311 -0.00836933 -0.00837376 -0.00836509 -0.00832887 -0.00826699 -0.00825796 -0.00826882 -0.00829174 -0.00816767 -0.00803556 -0.0077789 -0.00745663 -0.00692953 -0.00508516 -0.00121786 
1 -78.456 83 -77.2121 0.241958 0.236238 0.0120317 -0.00363272 -0.00875604 -0.00924562 -0.00940325 -0.00952699 -0.00960302 -0.00963442 -0.00964091 -0.00960177 -0.00961849 -0.00961773 -0.00963386 -0.00962092 -0.00961408 -0.00961896 -0.00962158 -0.00962166 -0.00961407 -0.00962025 -0.00956354 -0.00954649 -0.00939779 -0.00926073 -0.00895533 -0.00863147 -0.00802759 -0.00583883 -0.0014809 
1.1 -78.456 83 -77.2119 0.268556 0.277255 0.0192962 -0.00240527 -0.00981715 -0.0104615 -0.0106506 -0.0107852 -0.0108638 -0.0109044 -0.0109269 -0.0108825 -0.0108945 -0.0108889 -0.010906 -0.0108879 -0.0108737 -0.0108804 -0.0109082 -0.0109115 -0.0108813 -0.0108874 -0.010821 -0.0108069 -0.0106451 -0.0105011 -0.0101663 -0.00986258 -0.00913842 -0.00659974 -0.00175573 
1.2 -78.456 83 -77.2116 0.292783 0.318257 0.0286305 -0.000434458 -0.0109125 -0.0116914 -0.0118894 -0.0120302 -0.0121085 -0.0121527 -0.0121741 -0.0121201 -0.0121264 -0.0121171 -0.0121383 -0.0121197 -0.0121014 -0.0121058 -0.0121395 -0.0121515 -0.0121286 -0.0121432 -0.0120673 -0.012051 -0.0118814 -0.0117597 -0.0114494 -0.0110887 -0.01019 -0.00732985 -0.0020284 
1.3 -78.456 83 -77.2113 0.314881 0.358206 0.0402167 0.00261474 -0.0117451 -0.0128946 -0.0131452 -0.0132364 -0.0133073 -0.0133547 -0.013371 -0.0133033 -0.0132985 -0.0132855 -0.013309 -0.0132891 -0.0132659 -0.0132688 -0.0133122 -0.0133381 -0.0133292 -0.0133561 -0.0132768 -0.0132652 -0.0131321 -0.013023 -0.0126099 -0.0122233 -0.0111436 -0.00801103 -0.00228712 
1.4 -78.456 83 -77.2107 0.335222 0.3961 0.0541371 0.00683254 -0.0123785 -0.0139158 -0.0143387 -0.014448 -0.0145265 -0.0145733 -0.014555 -0.0144383 -0.0143929 -0.0143721 -0.0144014 -0.0143762 -0.0143439 -0.0143493 -0.0144202 -0.014484 -0.0145134 -0.0145726 -0.0145201 -0.0144892 -0.0143359 -0.0141672 -0.0136946 -0.0133151 -0.0120015 -0.00865024 -0.00252324 
1.5 -78.456 83 -77.2101 0.354143 0.431045 0.0704108 0.0124111 -0.0127718 -0.0148457 -0.0154431 -0.0155798 -0.0156545 -0.0157178 -0.0156909 -0.0155552 -0.0154781 -0.015431 -0.0154499 -0.0154246 -0.0153791 -0.0153936 -0.0154885 -0.0155761 -0.0156481 -0.0157129 -0.0156486 -0.0155991 -0.0154463 -0.0152454 -0.0147386 -0.0143608 -0.0127521 -0.00924469 -0.00272878 
1.6 -78.456 83 -77.2098 0.371834 0.462308 0.0889845 0.0195086 -0.0128525 -0.0156388 -0.0165025 -0.0166214 -0.0166693 -0.0167351 -0.0166912 -0.0165168 -0.0164006 -0.0163632 -0.0163855 -0.0163656 -0.0163254 -0.016332 -0.0164218 -0.016536 -0.0166467 -0.0167301 -0.0166805 -0.0166407 -0.0165236 -0.0162926 -0.0157288 -0.0153517 -0.0133968 -0.00979616 -0.0028981 
1.7 -78.456 83 -77.2094 0.388292 0.489352 0.109733 0.0282543 -0.0125948 -0.0163373 -0.0175221 -0.0176659 -0.0177322 -0.0177833 -0.0176905 -0.0174683 -0.0173008 -0.017253 -0.017269 -0.0172509 -0.0172136 -0.0172272 -0.0173506 -0.0175039 -0.0176626 -0.0177838 -0.0177616 -0.0176847 -0.0175437 -0.0173008 -0.0166982 -0.0163161 -0.0139612 -0.0103123 -0.00302837 
1.8 -78.456 83 -77.2091 0.403355 0.511875 0.132476 0.0387511 -0.011938 -0.016913 -0.0185161 -0.0186822 -0.0187423 -0.0187967 -0.0186941 -0.01843 -0.0182111 -0.0181435 -0.0181486 -0.0181379 -0.0180735 -0.0180968 -0.0182441 -0.0184425 -0.0186717 -0.0188036 -0.0187881 -0.0187061 -0.0185618 -0.0183222 -0.0176829 -0.0172782 -0.0144768 -0.0108013 -0.00311941 
1.9 -78.456 83 -77.209 0.416741 0.52981 0.156984 0.0510671 -0.0108237 -0.0174081 -0.019564 -0.0197693 -0.0198199 -0.0198592 -0.0197301 -0.0193999 -0.0191108 -0.0190431 -0.0190343 -0.0190227 -0.0189713 -0.0189964 -0.0191758 -0.0194294 -0.0197049 -0.0198707 -0.019879 -0.0198054 -0.0196491 -0.0194181 -0.0187226 -0.0182633 -0.0149788 -0.0112691 -0.00317354 
2 -78.456 83 -77.2088 0.428094 0.543319 0.182992 0.065239 -0.00917063 -0.0178268 -0.0206978 -0.0209782 -0.021065 -0.0211031 -0.0209565 -0.0205401 -0.0201584 -0.0200745 -0.0200484 -0.0200397 -0.0199924 -0.0200249 -0.0202325 -0.0205475 -0.0208799 -0.0210743 -0.0211067 -0.0210288 -0.0208445 -0.0206329 -0.0198631 -0.019303 -0.0155007 -0.0117163 -0.00319535 
2.1 -78.456 83 -77.2087 0.437029 0.55275 0.210209 0.0812682 -0.00687274 -0.0181536 -0.0219503 -0.0223259 -0.0224343 -0.0224594 -0.0222958 -0.0218284 -0.0213795 -0.0212793 -0.0212391 -0.0212368 -0.0212043 -0.0212488 -0.0214885 -0.0218549 -0.0222066 -0.0224287 -0.0224788 -0.022411 -0.0221949 -0.021999 -0.0211301 -0.020412 -0.016065 -0.0121368 -0.00319106 
2.2 -78.456 83 -77.208 0.443188 0.558623 0.238347 0.0991242 -0.00379769 -0.0183469 -0.023338 -0.0238579 -0.0240146 -0.0240376 -0.0238784 -0.023423 -0.0229592 -0.0228659 -0.0228176 -0.0228268 -0.0228334 -0.0228792 -0.0230845 -0.0234347 -0.0237755 -0.0239944 -0.0240538 -0.0239899 -0.0237278 -0.0235322 -0.0225102 -0.021537 -0.0166746 -0.0125251 -0.00316917 
2.3 -78.456 83 -77.2079 0.446266 0.561557 0.267113 0.118735 0.000211162 -0.0183309 -0.0248477 -0.0255775 -0.0258142 -0.0258445 -0.025693 -0.0252103 -0.0247267 -0.0246294 -0.0245552 -0.024564 -0.02457 -0.0246222 -0.024842 -0.025217 -0.0255525 -0.0257832 -0.0258423 -0.0257706 -0.02545 -0.0252238 -0.0239926 -0.022684 -0.0173165 -0.0128477 -0.00313493 
2.4 -78.456 83 -77.2079 0.446049 0.562214 0.296215 0.139988 0.0053244 -0.0180061 -0.0264405 -0.0274651 -0.0278224 -0.027876 -0.0277426 -0.0272546 -0.0267402 -0.0266368 -0.0265578 -0.0265688 -0.0265945 -0.0266549 -0.0268699 -0.0272474 -0.0275635 -0.0277945 -0.027835 -0.0277341 -0.0273304 -0.027015 -0.0255264 -0.0238094 -0.0179692 -0.013095 -0.00309755 
2.5 -78.456 83 -77.2079 0.442424 0.56125 0.325376 0.162728 0.0117332 -0.0172212 -0.0280454 -0.0294742 -0.0300012 -0.0300991 -0.0299949 -0.0295269 -0.0290069 -0.0288938 -0.0288071 -0.0288255 -0.0288733 -0.0289422 -0.0291428 -0.0295048 -0.0297826 -0.029996 -0.0299965 -0.0298389 -0.0293288 -0.0288693 -0.0270775 -0.0248691 -0.0185993 -0.0132515 -0.00306353 
2.6 -78.456 83 -77.2079 0.435387 0.559266 0.3543 0.186747 0.0196049 -0.0158316 -0.029577 -0.0315385 -0.0322911 -0.0324574 -0.0323931 -0.0319677 -0.0314667 -0.0313407 -0.0312514 -0.0312786 -0.0313446 -0.0314215 -0.0316003 -0.0319306 -0.0321554 -0.032332 -0.0322694 -0.0320242 -0.0313838 -0.030724 -0.0285973 -0.0258327 -0.0191745 -0.0133081 -0.00303738 
2.7 -78.456 83 -77.2079 0.425048 0.556794 0.382669 0.21179 0.0290916 -0.0136766 -0.0309378 -0.0335791 -0.0346193 -0.034879 -0.0348651 -0.0345013 -0.0340415 -0.0338991 -0.0338125 -0.03385 -0.0339289 -0.0340123 -0.0341647 -0.0344498 -0.0346108 -0.0347311 -0.0345838 -0.0342205 -0.0334307 -0.0325336 -0.0300444 -0.0266712 -0.0196654 -0.0132644 -0.0030207 
2.8 -78.456 83 -77.2078 0.411636 0.554293 0.410147 0.237567 0.040314 -0.0105973 -0.0320298 -0.0355167 -0.0369108 -0.0372891 -0.0373398 -0.0370576 -0.0366631 -0.0364996 -0.036412 -0.0364786 -0.0365625 -0.0366437 -0.036781 -0.0370069 -0.0370837 -0.0371195 -0.0368683 -0.0363614 -0.0354053 -0.0342245 -0.031359 -0.0273663 -0.0200501 -0.0131287 -0.003012 
2.9 -78.456 83 -77.2078 0.395501 0.552142 0.436371 0.263761 0.0533526 -0.00644528 -0.0327606 -0.0372808 -0.0390984 -0.0396179 -0.0397366 -0.0395435 -0.0392404 -0.0390766 -0.03899 -0.0390494 -0.0391353 -0.0392189 -0.0393281 -0.0394891 -0.0394833 -0.0394244 -0.0390596 -0.0383904 -0.037251 -0.0357582 -0.0325132 -0.0279098 -0.0203164 -0.0129173 -0.00300721 
3 -78.456 83 -77.2078 0.377114 0.550636 0.460948 0.290047 0.0682398 -0.00108681 -0.0330443 -0.0388123 -0.0411283 -0.0418095 -0.0420008 -0.0419034 -0.0416893 -0.0415065 -0.0414329 -0.0415025 -0.041584 -0.0416678 -0.04175 -0.0418426 -0.0417601 -0.0415929 -0.0411105 -0.0402699 -0.0389426 -0.0371372 -0.0334891 -0.0283022 -0.0204614 -0.0126514 -0.00300084 
3.1 -78.456 83 -77.2077 0.357061 0.549983 0.483488 0.316111 0.0849557 0.00559541 -0.0327994 -0.0400629 -0.04296 -0.0438216 -0.0440887 -0.0440913 -0.0439715 -0.0437754 -0.0437162 -0.0437905 -0.0438651 -0.0439478 -0.0440037 -0.0440271 -0.043871 -0.0435859 -0.0429887 -0.0419835 -0.0404724 -0.038352 -0.0342743 -0.0285486 -0.0204889 -0.0123543 -0.00298746 
3.2 -78.456 83 -77.2077 0.336025 0.550302 0.503617 0.341674 0.103429 0.0137013 -0.0319451 -0.0409902 -0.0445635 -0.0456232 -0.0459684 -0.046071 -0.0460431 -0.0458408 -0.0457976 -0.0458684 -0.0459364 -0.0460194 -0.046062 -0.0460191 -0.0457846 -0.0453767 -0.04467 -0.0435062 -0.0417979 -0.0393419 -0.0348392 -0.0286532 -0.0204076 -0.012048 -0.00296341 
3.3 -78.456 83 -77.2077 0.314751 0.551615 0.521005 0.366503 0.123531 0.023311 -0.030398 -0.0415535 -0.0459156 -0.047191 -0.0476172 -0.0478152 -0.0478701 -0.0476695 -0.0476439 -0.047701 -0.0477646 -0.0478465 -0.0478675 -0.0477641 -0.0474719 -0.0469469 -0.0461381 -0.0448217 -0.0429052 -0.0401337 -0.0351996 -0.0286266 -0.0202326 -0.011752 -0.0029283 
3.4 -78.456 83 -77.2077 0.293998 0.553865 0.535403 0.390425 0.145095 0.0344847 -0.0280678 -0.0417078 -0.0469956 -0.0485061 -0.0490192 -0.0493043 -0.0494276 -0.0492373 -0.0492301 -0.0492638 -0.0493268 -0.0494087 -0.0494114 -0.0492566 -0.0489176 -0.048286 -0.0473822 -0.0459297 -0.0438034 -0.0407219 -0.0353639 -0.0284796 -0.0199825 -0.0114824 -0.00288561 
3.5 -78.456 83 -77.2077 0.274474 0.556912 0.546636 0.413312 0.167899 0.0472536 -0.0248574 -0.0413993 -0.0477816 -0.0495521 -0.0501645 -0.0505317 -0.0507033 -0.0505282 -0.0505379 -0.0505412 -0.0506075 -0.0506907 -0.0506826 -0.050492 -0.0501112 -0.0493981 -0.0484034 -0.0468185 -0.0444825 -0.0411039 -0.0353524 -0.0282248 -0.0196788 -0.0112515 -0.00284246 
3.6 -78.456 83 -77.2074 0.256769 0.560547 0.554632 0.435081 0.191692 0.0616136 -0.0206774 -0.0405987 -0.0483013 -0.0503758 -0.0511161 -0.0515391 -0.0517162 -0.0515511 -0.0515671 -0.0515347 -0.0516182 -0.051713 -0.0516894 -0.0514772 -0.0511033 -0.050315 -0.0492018 -0.0475008 -0.0449735 -0.041276 -0.0351756 -0.0278758 -0.0193435 -0.0110679 -0.00280829 
3.7 -78.456 83 -77.2068 0.24131 0.564518 0.55944 0.455699 0.216207 0.0775356 -0.0154003 -0.0391785 -0.0484681 -0.0509158 -0.0517921 -0.0522713 -0.0524829 -0.0523691 -0.0524001 -0.0523469 -0.0524355 -0.0525217 -0.0524686 -0.0522292 -0.0518336 -0.050994 -0.0498135 -0.0479753 -0.0452121 -0.0412219 -0.0348576 -0.0274457 -0.0189969 -0.0109359 -0.00279294 
3.8 -78.456 83 -77.2067 0.228331 0.568533 0.561208 0.475143 0.241157 0.0949439 -0.00893518 -0.0370917 -0.0482354 -0.0510831 -0.0521295 -0.0526583 -0.0529085 -0.0528357 -0.0528653 -0.0527854 -0.052874 -0.0529514 -0.0528921 -0.0526441 -0.0522165 -0.0513388 -0.0500508 -0.0481359 -0.0451914 -0.0409321 -0.0344133 -0.0269446 -0.0186596 -0.0108663 -0.00280602 
3.9 -78.456 83 -77.2067 0.217868 0.572282 0.560201 0.49341 0.266247 0.113728 -0.00119115 -0.0342648 -0.0475944 -0.0509258 -0.0521911 -0.0527689 -0.0530469 -0.0530223 -0.0530388 -0.0529515 -0.0530451 -0.0531141 -0.0530438 -0.0527827 -0.05231 -0.0513933 -0.0500014 -0.0479983 -0.0449124 -0.0404149 -0.0338557 -0.0263783 -0.0183344 -0.0108387 -0.00284881 
4 -78.456 83 -77.2067 0.209779 0.575432 0.556778 0.51052 0.291221 0.133751 0.00790984 -0.0306389 -0.0465395 -0.0504454 -0.0519739 -0.0526083 -0.0529297 -0.0529578 -0.0529551 -0.0528759 -0.0529691 -0.053022 -0.0529336 -0.0526545 -0.0521206 -0.0511657 -0.0496674 -0.0475752 -0.0443783 -0.0396746 -0.0331901 -0.0257493 -0.0180296 -0.0108554 -0.0029221 
4.1 -78.456 83 -77.2067 0.203762 0.577635 0.551387 0.526491 0.315836 0.154853 0.0184305 -0.0261414 -0.0450247 -0.0496308 -0.0514734 -0.0521771 -0.0525608 -0.0526454 -0.0526213 -0.0525644 -0.0526511 -0.0526794 -0.0525643 -0.0522585 -0.0516467 -0.0506509 -0.0490492 -0.0468754 -0.0435944 -0.0387195 -0.0324166 -0.0250583 -0.017742 -0.0109041 -0.00301959 
4.2 -78.456 83 -77.2067 0.199403 0.578549 0.544528 0.541323 0.339852 0.176841 0.0304065 -0.020721 -0.0430332 -0.0484805 -0.0506899 -0.0514791 -0.0519434 -0.0520873 -0.0520446 -0.0520199 -0.0520944 -0.0520897 -0.0519393 -0.0515956 -0.050893 -0.0498513 -0.0481537 -0.0459069 -0.042568 -0.037564 -0.0315334 -0.0243067 -0.0174615 -0.0109675 -0.00313028 
4.3 -78.456 83 -77.2067 0.196212 0.577852 0.536723 0.555008 0.363058 0.19951 0.0438463 -0.0143307 -0.0405425 -0.0469976 -0.0496302 -0.0505243 -0.0510836 -0.0512902 -0.0512433 -0.0512524 -0.0513059 -0.0512601 -0.0510664 -0.0506725 -0.0498726 -0.0487795 -0.0469975 -0.0446872 -0.041315 -0.0362298 -0.0305402 -0.0234968 -0.0171732 -0.0110253 -0.00323998 
4.4 -78.456 83 -77.2067 0.193672 0.57527 0.528489 0.567532 0.385284 0.222663 0.0587264 -0.00693773 -0.0375441 -0.045195 -0.0483176 -0.0493359 -0.0499933 -0.0502628 -0.0502191 -0.0502623 -0.0502976 -0.0502086 -0.0499693 -0.0495062 -0.0486088 -0.0474591 -0.0456076 -0.0432435 -0.0398613 -0.0347465 -0.0294409 -0.0226337 -0.0168595 -0.011055 -0.00333352 
4.5 -78.456 83 -77.2067 0.191288 0.570612 0.520291 0.578871 0.406376 0.24609 0.0749863 0.00149215 -0.034007 -0.0430812 -0.0467607 -0.0479318 -0.0486928 -0.0490283 -0.0490043 -0.0490739 -0.0490916 -0.048949 -0.0486604 -0.0481299 -0.0471413 -0.0459264 -0.0440219 -0.0416129 -0.0382489 -0.0331561 -0.0282447 -0.021726 -0.0165048 -0.0110349 -0.00339713 
4.6 -78.456 83 -77.2067 0.188628 0.563792 0.512537 0.589027 0.426212 0.269583 0.0925283 0.0109666 -0.0299345 -0.0406823 -0.0450041 -0.0463643 -0.0472312 -0.0476359 -0.047649 -0.0477332 -0.0477353 -0.0475358 -0.0471968 -0.0465787 -0.0455069 -0.0442272 -0.0422874 -0.0398392 -0.0365114 -0.0314869 -0.0269653 -0.0207864 -0.0160977 -0.0109467 -0.00342048 
4.7 -78.456 83 -77.2067 0.185365 0.554826 0.505532 0.597993 0.444699 0.292955 0.111234 0.0214881 -0.02532 -0.0380238 -0.0430898 -0.0446705 -0.0456338 -0.0461099 -0.0461763 -0.0462613 -0.046252 -0.0459946 -0.0456074 -0.0449008 -0.043765 -0.0424172 -0.0404587 -0.0379734 -0.0347042 -0.0297856 -0.0256237 -0.0198314 -0.0156335 -0.0107785 -0.00339804 
4.8 -78.456 83 -77.2067 0.181298 0.543848 0.499497 0.605762 0.46178 0.31602 0.130948 0.0330442 -0.0201574 -0.0351329 -0.0410651 -0.0429098 -0.0439698 -0.0445204 -0.0446541 -0.0447275 -0.0447095 -0.0443951 -0.0439623 -0.0431626 -0.0419753 -0.0405561 -0.0385939 -0.036069 -0.0328766 -0.02809 -0.0242454 -0.0188798 -0.0151147 -0.0105269 -0.00332958 
4.9 -78.456 83 -77.2067 0.176377 0.531102 0.494529 0.612326 0.477419 0.338592 0.1515 0.0456103 -0.0144365 -0.0320324 -0.0389748 -0.0411316 -0.0422935 -0.0429212 -0.0431317 -0.0431855 -0.0431597 -0.0427905 -0.0423145 -0.0414207 -0.0401944 -0.0387018 -0.0367491 -0.0341777 -0.031074 -0.0264349 -0.02286 -0.0179524 -0.0145504 -0.0101977 -0.00321946 
5 -78.456 83 -77.2067 0.17069 0.516917 0.490588 0.617657 0.4916 0.360501 0.172708 0.0591473 -0.00813973 -0.0287365 -0.0368568 -0.0393765 -0.0406507 -0.0413571 -0.041649 -0.0416806 -0.0416449 -0.0412248 -0.040708 -0.0397243 -0.0384705 -0.0369057 -0.0349731 -0.0323456 -0.0293347 -0.0248507 -0.0214991 -0.017071 -0.0139559 -0.0098044 -0.00307545 
5.1 -78.456 83 -77.2067 0.164453 0.501695 0.487532 0.621735 0.504352 0.3816 0.194381 0.0736053 -0.00123826 -0.0252455 -0.0347367 -0.0376719 -0.0390742 -0.0398592 -0.0402319 -0.0402448 -0.0401939 -0.039728 -0.039173 -0.0381098 -0.0368386 -0.035207 -0.033302 -0.0306083 -0.0276862 -0.0233621 -0.0201943 -0.016257 -0.0133497 -0.00936661 -0.00290692 
5.2 -78.456 83 -77.2067 0.157997 0.485885 0.485172 0.624557 0.515722 0.401759 0.216339 0.0889256 0.00630933 -0.0215422 -0.0326238 -0.0360296 -0.0375808 -0.0384422 -0.0388905 -0.0388932 -0.0388196 -0.0383143 -0.0377248 -0.0365979 -0.0353181 -0.0336297 -0.0317563 -0.0289888 -0.0261449 -0.0219877 -0.0189759 -0.0155294 -0.0127523 -0.00890677 -0.00272314 
5.3 -78.456 83 -77.2067 0.151718 0.469924 0.483269 0.626119 0.525779 0.420877 0.238414 0.105045 0.0145566 -0.0175899 -0.0305089 -0.0344464 -0.0361714 -0.0371045 -0.0376198 -0.0376249 -0.0375203 -0.0369831 -0.0363635 -0.0351934 -0.0339121 -0.032181 -0.0303394 -0.0274965 -0.0247172 -0.0207403 -0.0178707 -0.0149017 -0.0121835 -0.0084473 -0.00253186 
5.4 -78.456 83 -77.2067 0.146049 0.454225 0.481606 0.626436 0.534603 0.438862 0.260425 0.121872 0.0235591 -0.0133338 -0.0283646 -0.0329052 -0.0348334 -0.0358315 -0.0364041 -0.0364251 -0.0362825 -0.0357217 -0.0350773 -0.0338867 -0.0326093 -0.0308525 -0.0290392 -0.0261272 -0.0234008 -0.0196274 -0.0168991 -0.0143808 -0.0116614 -0.00800844 -0.00233857 
5.5 -78.456 83 -77.2067 0.141402 0.439142 0.480027 0.625558 0.542284 0.455666 0.282245 0.139361 0.0333898 -0.00870053 -0.0261454 -0.031378 -0.0335443 -0.0346002 -0.0352201 -0.0352692 -0.0350848 -0.0345092 -0.0338459 -0.0326569 -0.0313875 -0.0296222 -0.0278311 -0.0248656 -0.022187 -0.0186488 -0.0160705 -0.0139652 -0.0111994 -0.00760659 -0.0021464 
5.6 -78.456 83 -77.2067 0.138134 0.42497 0.478441 0.623583 0.548924 0.471248 0.303745 0.157415 0.0441058 -0.00360589 -0.0237927 -0.029829 -0.0322751 -0.0333827 -0.0340421 -0.0341273 -0.0339014 -0.0333201 -0.0326433 -0.0314758 -0.0302175 -0.0284598 -0.0266829 -0.0236887 -0.0210613 -0.0177954 -0.0153814 -0.0136463 -0.0108058 -0.00725413 -0.0019566 
5.7 -78.456 83 -77.2068 0.1365 0.411951 0.476812 0.620626 0.554637 0.4856 0.324826 0.17595 0.0557472 0.00203765 -0.0212379 -0.0282174 -0.0309933 -0.0321507 -0.0328447 -0.0329689 -0.0327064 -0.0321275 -0.0314414 -0.0303114 -0.0290678 -0.0273303 -0.0255596 -0.0225685 -0.0200046 -0.0170489 -0.0148172 -0.0134109 -0.0104826 -0.00695955 -0.00176931 
5.8 -78.456 83 -77.2068 0.136622 0.400253 0.475159 0.616803 0.559533 0.498723 0.345404 0.194885 0.0683761 0.00832867 -0.0184062 -0.0264999 -0.0296654 -0.0308778 -0.0316047 -0.0317652 -0.0314753 -0.0309067 -0.0302127 -0.0291318 -0.0279072 -0.0261989 -0.024427 -0.0214758 -0.0189949 -0.0163859 -0.0143555 -0.0132425 -0.0102258 -0.00672787 -0.0015844 
5.9 -78.456 83 -77.2068 0.138475 0.389978 0.473556 0.612253 0.563753 0.510646 0.365402 0.214116 0.0819983 0.0153489 -0.0152226 -0.0246333 -0.0282601 -0.0295415 -0.0303025 -0.0304925 -0.0301874 -0.0296357 -0.0289325 -0.0279079 -0.0267085 -0.0250341 -0.0232562 -0.0203841 -0.0180114 -0.0157821 -0.0139692 -0.0131239 -0.0100264 -0.00656105 -0.00140221 
6 -78.456 83 -77.2068 0.141897 0.381171 0.472111 0.607138 0.567477 0.521406 0.384766 0.233528 0.0966058 0.0231707 -0.0116147 -0.0225762 -0.0267492 -0.0281238 -0.0289226 -0.0291331 -0.0288265 -0.0282972 -0.0275814 -0.0266165 -0.0254494 -0.023811 -0.0220262 -0.0192726 -0.0170364 -0.0152155 -0.01363 -0.0130377 -0.00987164 -0.00645822 -0.00122425 
6.1 -78.456 83 -77.2068 0.146592 0.373802 0.470953 0.601633 0.570879 0.531104 0.403467 0.253014 0.112173 0.0318538 -0.00751427 -0.0202892 -0.0251085 -0.0266107 -0.0274521 -0.0276746 -0.0273798 -0.0268774 -0.0261449 -0.0252415 -0.0241143 -0.0225127 -0.0207249 -0.0181285 -0.016058 -0.0146683 -0.0133114 -0.0129689 -0.00974859 -0.00641587 -0.00105361 
6.2 -78.456 83 -77.2068 0.15216 0.367763 0.470213 0.595903 0.574087 0.539827 0.421477 0.272457 0.128631 0.0414334 -0.00286049 -0.0177361 -0.0233181 -0.0249924 -0.0258822 -0.0261111 -0.025839 -0.0253669 -0.0246154 -0.023774 -0.0226943 -0.0211314 -0.0193501 -0.0169481 -0.0150711 -0.0141305 -0.0129944 -0.0129064 -0.00964698 -0.00642791 -0.000895194 
6.3 -78.456 83 -77.2068 0.158131 0.362888 0.47002 0.590099 0.577201 0.547618 0.438749 0.29173 0.145924 0.0519218 0.00239552 -0.0148858 -0.0213655 -0.0232658 -0.0242095 -0.024444 -0.0242018 -0.0237632 -0.0229936 -0.0222141 -0.0211883 -0.0196684 -0.0179092 -0.0157366 -0.0140805 -0.0136028 -0.0126712 -0.012844 -0.00956191 -0.0064863 -0.000755768 
6.4 -78.456 83 -77.2069 0.164 0.358973 0.470469 0.584358 0.580286 0.55451 0.455256 0.310723 0.16395 0.0633354 0.00830274 -0.0117145 -0.0192476 -0.0214364 -0.0224403 -0.0226851 -0.0224766 -0.0220742 -0.0212921 -0.0205725 -0.0196052 -0.0181369 -0.0164205 -0.0145103 -0.0131028 -0.0130964 -0.0123468 -0.0127794 -0.00949439 -0.00658196 -0.00064378 
6.5 -78.456 83 -77.2069 0.169245 0.355768 0.471575 0.578779 0.583375 0.560545 0.470963 0.329318 0.182587 0.0756316 0.0148864 -0.0082096 -0.0169729 -0.0195207 -0.0205936 -0.020858 -0.0206832 -0.0203195 -0.0195356 -0.0188722 -0.0179653 -0.0165612 -0.0149133 -0.0132962 -0.0121657 -0.0126308 -0.0120381 -0.0127141 -0.00945031 -0.00670642 -0.000569014 
6.6 -78.456 83 -77.2069 0.173376 0.353016 0.47327 0.573428 0.586479 0.565766 0.485837 0.347402 0.201692 0.0887277 0.0221544 -0.00436782 -0.0145594 -0.0175454 -0.0187004 -0.0189971 -0.0188536 -0.0185305 -0.0177603 -0.0171471 -0.0163 -0.0149768 -0.0134262 -0.0121311 -0.0113049 -0.01223 -0.0117714 -0.0126532 -0.0094386 -0.00685342 -0.000541982 
6.7 -78.456 83 -77.2069 0.175969 0.350465 0.475401 0.568352 0.589586 0.570217 0.499859 0.364865 0.221118 0.102589 0.0301101 -0.000195269 -0.0120311 -0.015545 -0.0168014 -0.0171447 -0.0170296 -0.0167479 -0.0160106 -0.0154398 -0.0146502 -0.0134269 -0.0120047 -0.0110575 -0.0105596 -0.0119197 -0.0115794 -0.012605 -0.00946808 -0.00701955 -0.000572838 
6.8 -78.456 83 -77.2069 0.17668 0.347863 0.477736 0.563561 0.592672 0.573959 0.51305 0.381615 0.240723 0.117105 0.0387603 0.00430737 -0.00941457 -0.0135583 -0.0149433 -0.0153479 -0.0152598 -0.0150191 -0.0143358 -0.0137992 -0.0130633 -0.0119603 -0.0106985 -0.010122 -0.00996911 -0.011726 -0.0114969 -0.0125809 -0.00954562 -0.0072046 -0.000669933 
6.9 -78.456 83 -77.2069 0.175274 0.344968 0.479987 0.559031 0.595703 0.577059 0.525409 0.397553 0.260324 0.132156 0.0480691 0.00912447 -0.00673772 -0.0116267 -0.013177 -0.0136569 -0.0135967 -0.0133964 -0.0127874 -0.0122777 -0.0115917 -0.0106293 -0.00955923 -0.0093726 -0.00957219 -0.0116736 -0.0115555 -0.012593 -0.00967501 -0.00741067 -0.000838129 
7 -78.456 83 -77.207 0.171629 0.341561 0.481834 0.554717 0.598641 0.579585 0.536915 0.412648 0.279762 0.147611 0.0580059 0.0142445 -0.00402489 -0.00978899 -0.0115528 -0.0121214 -0.0120947 -0.011934 -0.0114158 -0.0109279 -0.0102897 -0.00948663 -0.00863799 -0.00885524 -0.00940272 -0.0117838 -0.011778 -0.0126538 -0.00985745 -0.00764053 -0.00107714 
7.1 -78.456 83 -77.207 0.165735 0.337425 0.482918 0.550535 0.601422 0.581614 0.547535 0.426861 0.298897 0.163357 0.0685386 0.0196603 -0.00129332 -0.00807878 -0.0101176 -0.0107885 -0.0108046 -0.0106838 -0.0102671 -0.00979956 -0.00920968 -0.00858261 -0.00798168 -0.00861024 -0.00948811 -0.0120734 -0.0121767 -0.0127763 -0.0100928 -0.0078958 -0.00138026 
7.2 -78.456 83 -77.207 0.157696 0.332391 0.482897 0.54639 0.603982 0.583236 0.557238 0.440137 0.317597 0.179272 0.0796286 0.0253707 0.00144894 -0.00652166 -0.00891071 -0.0096993 -0.00977123 -0.00969183 -0.00938076 -0.00893612 -0.00839843 -0.0079609 -0.00762948 -0.00866852 -0.00984696 -0.0125533 -0.0127509 -0.0129726 -0.0103799 -0.00817532 -0.00173378 
7.3 -78.456 83 -77.207 0.147706 0.32634 0.481479 0.542191 0.606239 0.584543 0.566038 0.452446 0.335746 0.195227 0.0912256 0.0313791 0.0042033 -0.00513405 -0.00796242 -0.008887 -0.00903029 -0.00899562 -0.00878768 -0.0083728 -0.00789434 -0.00765624 -0.0076108 -0.00904929 -0.0104882 -0.0132276 -0.0134882 -0.0132546 -0.010718 -0.00847421 -0.00211761 
7.4 -78.456 83 -77.2071 0.136037 0.319228 0.478401 0.537819 0.608096 0.58562 0.573973 0.463797 0.353258 0.211128 0.103292 0.037699 0.00698535 -0.00391992 -0.00729141 -0.00837496 -0.00860634 -0.00862128 -0.00850906 -0.00813457 -0.00772512 -0.00769227 -0.00794333 -0.00975855 -0.0114105 -0.0140928 -0.014366 -0.0136315 -0.0111059 -0.00878368 -0.002507 
7.5 -78.456 83 -77.2071 0.123016 0.31113 0.47348 0.53318 0.609489 0.586543 0.581068 0.474213 0.370059 0.226869 0.115777 0.0443473 0.00982075 -0.00287205 -0.00690447 -0.00817603 -0.00851212 -0.00858289 -0.00855634 -0.00823544 -0.00790657 -0.0080809 -0.00863203 -0.0107884 -0.0126015 -0.0151358 -0.0153537 -0.0141075 -0.0115415 -0.00909123 -0.0028753 
7.6 -78.456 83 -77.2071 0.109007 0.302199 0.466581 0.528161 0.610336 0.587373 0.587374 0.483712 0.3861 0.242374 0.128638 0.0513486 0.0127485 -0.00197079 -0.00679585 -0.0082921 -0.00874882 -0.00888207 -0.00893132 -0.00867834 -0.00844203 -0.00882148 -0.00966807 -0.0121166 -0.0140366 -0.0163339 -0.016417 -0.0146812 -0.0120204 -0.0093825 -0.00319728 
7.7 -78.456 83 -77.2072 0.0944117 0.292686 0.457654 0.522668 0.610552 0.58815 0.592965 0.49234 0.401356 0.257579 0.141819 0.0587125 0.0158142 -0.00118525 -0.00694719 -0.00871319 -0.00930571 -0.0095077 -0.00962541 -0.00945431 -0.00932158 -0.00990001 -0.0110285 -0.0137072 -0.0156782 -0.0176541 -0.0175204 -0.0153447 -0.0125349 -0.00964388 -0.00345248 
7.8 -78.456 83 -77.2072 0.0796569 0.282895 0.446725 0.516608 0.610045 0.588882 0.597926 0.500164 0.415832 0.272435 0.155308 0.0665042 0.0190865 -0.000470715 -0.00732644 -0.00941707 -0.0101607 -0.0104373 -0.01062 -0.0105425 -0.0105218 -0.0112884 -0.0126758 -0.0155115 -0.0174773 -0.0190562 -0.0186313 -0.0160839 -0.0130746 -0.00986511 -0.00362779 
7.9 -78.456 83 -77.2072 0.0651942 0.273184 0.433894 0.50993 0.60873 0.589549 0.602348 0.507274 0.429543 0.286899 0.169028 0.0747264 0.0226299 0.000227779 -0.00788985 -0.0103701 -0.0112813 -0.011638 -0.0118855 -0.0119103 -0.0120067 -0.0129467 -0.014561 -0.0174726 -0.0193773 -0.0204974 -0.019722 -0.0168786 -0.0136282 -0.0100412 -0.00371905 
8 -78.456 83 -77.2072 0.0514869 0.263958 0.419356 0.502642 0.606539 0.590131 0.606317 0.513761 0.442528 0.300974 0.182979 0.0834153 0.0265084 0.000974556 -0.00858175 -0.0115286 -0.0126268 -0.0130689 -0.0133837 -0.0135157 -0.0137317 -0.0148269 -0.0166274 -0.0195302 -0.0213192 -0.0219367 -0.020772 -0.0177039 -0.0141845 -0.0101726 -0.00373104 
8.1 -78.456 83 -77.2073 0.0389911 0.255634 0.403371 0.494791 0.60339 0.590573 0.609887 0.519735 0.45485 0.314667 0.197125 0.0926002 0.0308264 0.00185183 -0.00933835 -0.0128423 -0.014151 -0.0146848 -0.0150701 -0.0153107 -0.0156463 -0.0168766 -0.0188159 -0.0216275 -0.0232479 -0.0233388 -0.0217679 -0.0185322 -0.0147333 -0.0102644 -0.00367621 
8.2 -78.456 83 -77.2073 0.0281339 0.248598 0.386258 0.48648 0.599196 0.590775 0.613093 0.525312 0.466535 0.327986 0.211428 0.102278 0.0356374 0.00293336 -0.0100936 -0.0142587 -0.0158071 -0.0164394 -0.0168978 -0.0172456 -0.017699 -0.0190438 -0.0210699 -0.0237148 -0.0251163 -0.0246747 -0.0227034 -0.0193361 -0.0152657 -0.0103252 -0.00357221 
8.3 -78.456 83 -77.2073 0.0192798 0.243166 0.368362 0.477843 0.593861 0.590619 0.615928 0.53059 0.477577 0.340958 0.225837 0.112461 0.041012 0.00429689 -0.0107808 -0.0157262 -0.0175501 -0.0182892 -0.0188216 -0.019273 -0.0198411 -0.0212805 -0.0233391 -0.0257528 -0.0268876 -0.0259223 -0.0235768 -0.0200913 -0.0157747 -0.010365 -0.00343887 
8.4 -78.456 83 -77.2073 0.0127118 0.23958 0.350056 0.46904 0.5873 0.589992 0.618356 0.535668 0.487997 0.35365 0.240349 0.123164 0.0470088 0.00601699 -0.0113359 -0.0171966 -0.019339 -0.0201946 -0.0207996 -0.0213494 -0.0220285 -0.0235438 -0.0255807 -0.0277119 -0.028536 -0.0270663 -0.0243882 -0.020778 -0.0162548 -0.0103929 -0.0032951 
8.5 -78.456 83 -77.2074 0.00860802 0.23797 0.331732 0.460233 0.579445 0.588779 0.620319 0.540636 0.497814 0.366076 0.254902 0.134357 0.0536642 0.00816096 -0.011699 -0.018625 -0.0211374 -0.0221214 -0.0227953 -0.0234372 -0.0242224 -0.0257971 -0.0277613 -0.0295709 -0.0300454 -0.028098 -0.025138 -0.0213831 -0.016702 -0.0104163 -0.00315659 
8.6 -78.456 83 -77.2074 0.00703915 0.238354 0.313809 0.451595 0.570261 0.586878 0.621749 0.545557 0.507057 0.378244 0.269438 0.146004 0.061 0.0107878 -0.0118141 -0.0199702 -0.0229126 -0.0240394 -0.0247776 -0.0255049 -0.026391 -0.0280106 -0.0298564 -0.0313157 -0.0314084 -0.0290148 -0.0258263 -0.0219024 -0.0171123 -0.0104401 -0.00303395 
8.7 -78.456 83 -77.2074 0.00796465 0.240642 0.296683 0.443271 0.55974 0.584221 0.622563 0.550463 0.515747 0.390176 0.283911 0.158075 0.0690268 0.0139501 -0.0116285 -0.021193 -0.0246354 -0.025923 -0.0267222 -0.0275282 -0.0285094 -0.0301602 -0.0318485 -0.032936 -0.0326244 -0.0298206 -0.0264538 -0.0223409 -0.0174812 -0.0104663 -0.00293228 
8.8 -78.456 83 -77.2075 0.0112398 0.244669 0.280733 0.435438 0.547922 0.580784 0.622675 0.555378 0.523913 0.401844 0.298255 0.170521 0.0777372 0.0176873 -0.0110952 -0.0222569 -0.0262801 -0.0277512 -0.0286109 -0.0294886 -0.0305583 -0.0322264 -0.0337252 -0.0344235 -0.0336978 -0.0305263 -0.0270244 -0.0227125 -0.0178038 -0.0104949 -0.00285142 
8.9 -78.456 83 -77.2075 0.0166128 0.250168 0.266246 0.42825 0.534895 0.576596 0.622008 0.560307 0.531602 0.413225 0.312409 0.183286 0.0871093 0.0220274 -0.0101731 -0.0231293 -0.027825 -0.0295088 -0.0304321 -0.0313742 -0.0325244 -0.0341933 -0.0354774 -0.0357713 -0.0346376 -0.0311486 -0.0275457 -0.0230361 -0.0180744 -0.0105247 -0.00278706 
9 -78.456 83 -77.2075 0.0237422 0.256774 0.253439 0.421856 0.520814 0.571717 0.620507 0.565238 0.538861 0.42432 0.32631 0.196294 0.0970763 0.0269761 -0.00882878 -0.0237817 -0.0292526 -0.0311852 -0.0321795 -0.0331793 -0.0343995 -0.0360494 -0.0371001 -0.036976 -0.0354568 -0.0317086 -0.0280292 -0.0233313 -0.0182867 -0.0105531 -0.00273225 
9.1 -78.456 83 -77.2076 0.0322079 0.264009 0.242455 0.416367 0.505877 0.566234 0.61814 0.570131 0.545685 0.435128 0.339895 0.209476 0.107629 0.0325451 -0.00703457 -0.0241893 -0.0305493 -0.0327746 -0.0338523 -0.0349041 -0.0361815 -0.037788 -0.0385924 -0.0380401 -0.0361731 -0.0322288 -0.0284879 -0.0236147 -0.0184337 -0.0105774 -0.00267922 
9.2 -78.456 83 -77.2076 0.0415397 0.271314 0.233374 0.411836 0.490319 0.560259 0.614904 0.574935 0.552067 0.445641 0.353107 0.222752 0.118669 0.0387146 -0.00477113 -0.0243324 -0.0317052 -0.0342754 -0.0354541 -0.0365539 -0.0378726 -0.0394069 -0.0399571 -0.0389726 -0.0368057 -0.0327254 -0.0289306 -0.0238949 -0.0185079 -0.0105947 -0.00262115 
9.3 -78.456 83 -77.2076 0.05124 0.278089 0.226236 0.408272 0.474413 0.553945 0.610834 0.57959 0.55802 0.455841 0.365884 0.236043 0.130117 0.0454469 -0.00202819 -0.0241937 -0.0327123 -0.0356873 -0.0369891 -0.0381351 -0.0394761 -0.0409062 -0.0411985 -0.0397856 -0.0373704 -0.0332038 -0.0293576 -0.0241683 -0.0185021 -0.0106022 -0.0025536 
9.4 -78.456 83 -77.2077 0.0608029 0.283704 0.221007 0.405635 0.458447 0.547454 0.605968 0.584027 0.563546 0.465708 0.37817 0.249257 0.141894 0.0527386 0.00121349 -0.0237544 -0.0335591 -0.037007 -0.0384587 -0.0396523 -0.040994 -0.0422858 -0.0423198 -0.0404904 -0.0378745 -0.0336558 -0.0297577 -0.0244189 -0.0184109 -0.0105981 -0.00247549 
9.5 -78.456 83 -77.2077 0.0697423 0.287563 0.217599 0.403844 0.442731 0.540952 0.600331 0.588146 0.56862 0.475231 0.389956 0.262365 0.153923 0.0605455 0.00496295 -0.022992 -0.0342286 -0.0382254 -0.0398581 -0.041104 -0.0424241 -0.043543 -0.0433199 -0.041094 -0.0383149 -0.0340606 -0.0301082 -0.0246205 -0.0182327 -0.0105828 -0.00238962 
9.6 -78.456 83 -77.2077 0.0776184 0.289178 0.215917 0.402775 0.427575 0.534596 0.593966 0.591847 0.57322 0.48441 0.40122 0.2753 0.166126 0.0688402 0.00923413 -0.0218787 -0.0346969 -0.0393271 -0.0411757 -0.0424818 -0.0437591 -0.0446702 -0.0441921 -0.0415968 -0.038678 -0.0343888 -0.0303773 -0.0247415 -0.017972 -0.010559 -0.00230248 
9.7 -78.456 83 -77.2078 0.0840581 0.288186 0.215843 0.402262 0.413268 0.528537 0.586925 0.595003 0.577326 0.493272 0.411947 0.288025 0.178445 0.0776029 0.0140423 -0.0203823 -0.0349339 -0.0402911 -0.0423947 -0.043771 -0.0449868 -0.0456559 -0.0449247 -0.0419914 -0.038942 -0.0346078 -0.0305302 -0.024751 -0.0176408 -0.0105316 -0.00222339 
9.8 -78.456 83 -77.2078 0.0887703 0.28436 0.217223 0.402105 0.400075 0.522907 0.579304 0.597489 0.580911 0.50188 0.422125 0.300505 0.190796 0.0867989 0.0193945 -0.0184725 -0.0349081 -0.0410939 -0.0434956 -0.0449526 -0.0460914 -0.0464848 -0.0455014 -0.042263 -0.0390817 -0.0346897 -0.0305371 -0.0246257 -0.017258 -0.0105068 -0.00216314 
9.9 -78.456 83 -77.2078 0.0915553 0.277627 0.219878 0.402059 0.388193 0.517796 0.571209 0.599186 0.58395 0.51029 0.431738 0.312736 0.203121 0.0963993 0.0252928 -0.0161222 -0.0345889 -0.0417122 -0.0444594 -0.0460072 -0.0470557 -0.0471415 -0.0459051 -0.0423943 -0.0390751 -0.034618 -0.0303808 -0.0243562 -0.0168488 -0.0104922 -0.00213224 
10 -78.456 83 -77.2079 0.0923098 0.268089 0.223604 0.401866 0.377768 0.513264 0.562772 0.600019 0.586424 0.518536 0.440821 0.324725 0.215359 0.106361 0.0317245 -0.0133147 -0.0339538 -0.0421282 -0.0452734 -0.04692 -0.0478653 -0.0476145 -0.0461237 -0.0423731 -0.0389118 -0.0343927 -0.0300607 -0.0239495 -0.0164396 -0.0104939 -0.00213929 
10.1 -78.456 83 -77.2079 0.091029 0.256011 0.228151 0.401236 0.368864 0.509328 0.55413 0.599953 0.588319 0.526656 0.449434 0.336459 0.227453 0.116637 0.0386636 -0.0100484 -0.0329935 -0.0423358 -0.0459353 -0.0476856 -0.0485138 -0.0479026 -0.0461562 -0.0421988 -0.038599 -0.0340316 -0.0295947 -0.0234293 -0.0160559 -0.0105168 -0.00218968 
10.2 -78.456 83 -77.208 0.0878137 0.241837 0.233281 0.399897 0.361497 0.505972 0.545429 0.59901 0.589632 0.534658 0.457603 0.347916 0.239341 0.127166 0.0460627 -0.00634151 -0.0317161 -0.0423437 -0.046456 -0.0483113 -0.0490049 -0.0480169 -0.0460155 -0.0418859 -0.0381609 -0.0335668 -0.0290162 -0.0228323 -0.015718 -0.0105634 -0.00228459 
10.3 -78.456 83 -77.208 0.08286 0.226123 0.238756 0.397586 0.355627 0.503127 0.536805 0.597249 0.590362 0.542528 0.465353 0.359063 0.250965 0.137866 0.0538552 -0.00223005 -0.0301446 -0.0421738 -0.0468574 -0.0488153 -0.0493531 -0.047981 -0.0457281 -0.0414613 -0.037635 -0.0330396 -0.0283698 -0.0222028 -0.0154399 -0.0106337 -0.00242066 
10.4 -78.456 83 -77.2081 0.0764487 0.209512 0.244358 0.394064 0.351193 0.500679 0.528384 0.594757 0.590515 0.550231 0.47277 0.369923 0.262272 0.14866 0.0619693 0.00224141 -0.0283098 -0.0418546 -0.0471663 -0.0492217 -0.0495802 -0.0478273 -0.0453298 -0.0409609 -0.0370658 -0.0324935 -0.0277035 -0.0215877 -0.0152278 -0.0107257 -0.00258999 
10.5 -78.456 83 -77.2081 0.0689313 0.192712 0.249887 0.389118 0.348096 0.498477 0.520262 0.591659 0.590122 0.557707 0.479937 0.380519 0.273228 0.159479 0.0703272 0.00702703 -0.0262427 -0.0414143 -0.0474074 -0.0495546 -0.0497114 -0.0475912 -0.04486 -0.0404241 -0.0364972 -0.0319669 -0.0270625 -0.0210308 -0.0150802 -0.0108344 -0.00278061 
10.6 -78.456 83 -77.2082 0.0607116 0.176466 0.255159 0.382573 0.346217 0.496358 0.51249 0.588096 0.58923 0.564877 0.486899 0.39085 0.283813 0.170274 0.0788648 0.0120899 -0.0239646 -0.0408703 -0.0475954 -0.0498308 -0.0497687 -0.0473041 -0.0443546 -0.0398866 -0.0359638 -0.031488 -0.0264814 -0.0205685 -0.0149889 -0.0109519 -0.00297721 
10.7 -78.456 83 -77.2082 0.0522289 0.161495 0.259984 0.374314 0.345424 0.494169 0.505094 0.584217 0.587899 0.571636 0.493687 0.400921 0.294015 0.181003 0.0875188 0.0174045 -0.0214802 -0.0402225 -0.0477285 -0.0500534 -0.0497643 -0.0469855 -0.0438374 -0.0393728 -0.0354844 -0.0310756 -0.0259853 -0.020226 -0.0149418 -0.0110677 -0.00316225 
10.8 -78.456 83 -77.2083 0.0439386 0.148446 0.264199 0.364326 0.345577 0.491762 0.498062 0.580158 0.58621 0.577879 0.500325 0.410766 0.303856 0.191646 0.0962781 0.0229777 -0.0187702 -0.0394462 -0.0477834 -0.0502068 -0.0496949 -0.0466377 -0.0433148 -0.0388902 -0.0350566 -0.0307176 -0.0255664 -0.0200101 -0.0149234 -0.0111682 -0.00331741 
10.9 -78.456 83 -77.2082 0.0362903 0.137848 0.267649 0.352685 0.34652 0.489007 0.491369 0.576035 0.584245 0.58349 0.506819 0.420448 0.313382 0.202217 0.105134 0.0288338 -0.0157904 -0.0384921 -0.0477156 -0.0502682 -0.0495685 -0.0462794 -0.0428094 -0.0384629 -0.0346799 -0.0304035 -0.0252141 -0.0199138 -0.0149176 -0.0112381 -0.00342567 
11 -78.456 83 -77.2082 0.0297013 0.13006 0.270173 0.339539 0.348087 0.48578 0.484976 0.571933 0.582078 0.588377 0.513195 0.430032 0.322664 0.212751 0.114108 0.0350227 -0.0124729 -0.0372857 -0.0474637 -0.0501732 -0.0492972 -0.0458097 -0.0422248 -0.0379995 -0.0342814 -0.0300942 -0.0248933 -0.0199121 -0.014908 -0.0112618 -0.00347333 
11.1 -78.456 83 -77.2083 0.0245407 0.125273 0.271651 0.325143 0.350131 0.481965 0.478862 0.567908 0.579773 0.592477 0.519468 0.439606 0.331789 0.22328 0.123239 0.0416131 -0.00873085 -0.0357284 -0.0469225 -0.0498347 -0.0488406 -0.0452105 -0.0415481 -0.0374889 -0.0338285 -0.0297474 -0.0245604 -0.0199677 -0.0148799 -0.0112261 -0.00345209 
11.2 -78.456 83 -77.2083 0.0210995 0.123466 0.271942 0.309801 0.352479 0.477446 0.473019 0.563978 0.577379 0.595763 0.525673 0.449264 0.340866 0.233867 0.132581 0.0486858 -0.00446677 -0.0337137 -0.0460057 -0.0491878 -0.0481364 -0.0444207 -0.0407215 -0.0368738 -0.0332632 -0.0293137 -0.0241679 -0.0200348 -0.0148213 -0.0111223 -0.00336047 
11.3 -78.456 83 -77.2084 0.0195743 0.124454 0.270939 0.293895 0.35497 0.472121 0.467483 0.560137 0.574912 0.598207 0.531822 0.459062 0.349989 0.244578 0.142205 0.0563264 0.000417489 -0.0311338 -0.0446157 -0.0481514 -0.0471137 -0.0433782 -0.0396877 -0.036096 -0.0325318 -0.0287469 -0.0236751 -0.0200659 -0.0147242 -0.0109474 -0.00320427 
11.4 -78.456 83 -77.2084 0.0200399 0.127894 0.268547 0.277859 0.35746 0.465906 0.462326 0.556357 0.572348 0.599805 0.537918 0.469024 0.359253 0.255484 0.152172 0.0646075 0.00600495 -0.0278952 -0.0426682 -0.0466633 -0.0457178 -0.042033 -0.038401 -0.0351058 -0.0315932 -0.0280133 -0.0230557 -0.0200206 -0.0145855 -0.0107048 -0.00299603 
11.5 -78.456 83 -77.2085 0.0224442 0.133356 0.264707 0.262173 0.359813 0.458739 0.457618 0.552596 0.569633 0.600586 0.543974 0.479142 0.368724 0.266648 0.162527 0.0735685 0.0123506 -0.0239299 -0.040102 -0.0446657 -0.043898 -0.0403555 -0.0368358 -0.0338722 -0.0304269 -0.0270978 -0.0223042 -0.0198707 -0.0144074 -0.0104035 -0.00275333 
11.6 -78.456 83 -77.2086 0.0266 0.140354 0.259401 0.247321 0.361876 0.450577 0.453414 0.548781 0.566698 0.6006 0.549982 0.489383 0.378453 0.27812 0.173308 0.0832649 0.0194876 -0.0192036 -0.0368887 -0.0421501 -0.041651 -0.0383454 -0.0349943 -0.0323899 -0.0290385 -0.0260094 -0.0214379 -0.019605 -0.0141972 -0.0100565 -0.00249632 
11.7 -78.456 83 -77.2086 0.032201 0.148383 0.252686 0.233807 0.36352 0.441458 0.449779 0.544836 0.563473 0.599904 0.55592 0.49969 0.388464 0.289932 0.184505 0.093667 0.027398 -0.0137223 -0.0330373 -0.0391356 -0.0390002 -0.0360322 -0.0329077 -0.0306832 -0.0274617 -0.0247807 -0.0204946 -0.0192294 -0.0139661 -0.00967876 -0.00224498 
11.8 -78.456 83 -77.2087 0.0388417 0.156921 0.244669 0.22207 0.364612 0.431451 0.446726 0.540673 0.559897 0.598558 0.561721 0.510034 0.398844 0.302109 0.196085 0.10472 0.0360188 -0.00753342 -0.0285937 -0.0356746 -0.0360013 -0.0334746 -0.0306352 -0.028805 -0.025755 -0.0234637 -0.0195258 -0.0187641 -0.0137263 -0.00928509 -0.00201651 
11.9 -78.456 83 -77.2087 0.0460517 0.165479 0.235543 0.212495 0.365013 0.420662 0.444236 0.536219 0.555924 0.596635 0.567289 0.520337 0.409636 0.314652 0.208002 0.116359 0.0452952 -0.000705619 -0.0236342 -0.0318473 -0.0327384 -0.030755 -0.0282578 -0.0268309 -0.0239943 -0.0221226 -0.018589 -0.0182393 -0.0134894 -0.0088891 -0.00182361 
12 -78.456 83 -77.2088 0.0533292 0.173607 0.225548 0.205336 0.364584 0.409234 0.442253 0.531414 0.551531 0.59421 0.572503 0.530459 0.420815 0.327511 0.220178 0.128459 0.0551025 0.006655 -0.0182586 -0.0277535 -0.0293156 -0.0279711 -0.0258686 -0.0248485 -0.0222619 -0.0208232 -0.0177396 -0.0176887 -0.0132636 -0.00850307 -0.00167368 
12.1 -78.456 83 -77.2089 0.0601812 0.180913 0.214979 0.200701 0.363188 0.397343 0.44071 0.526234 0.546719 0.591353 0.577237 0.54024 0.432337 0.340627 0.23252 0.140898 0.0653208 0.0144354 -0.0125761 -0.0234999 -0.0258439 -0.025224 -0.0235618 -0.0229453 -0.0206372 -0.0196255 -0.0170242 -0.0171439 -0.013053 -0.00813808 -0.0015689 
12.2 -78.456 83 -77.2089 0.0661528 0.187058 0.204158 0.198556 0.360695 0.385183 0.439512 0.520681 0.541517 0.588129 0.581372 0.549526 0.444148 0.353936 0.244964 0.153545 0.0758259 0.0225225 -0.00669348 -0.0191887 -0.0224286 -0.0226067 -0.0214214 -0.0211979 -0.0191871 -0.0185777 -0.0164751 -0.0166303 -0.0128571 -0.00780399 -0.00150702 
12.3 -78.456 83 -77.209 0.0708573 0.191761 0.193421 0.198734 0.357002 0.372964 0.438567 0.514794 0.535979 0.584607 0.584812 0.558207 0.456162 0.367374 0.257447 0.16628 0.0864971 0.0308146 -0.000704157 -0.0149064 -0.0191581 -0.0201945 -0.0195126 -0.0196638 -0.0179609 -0.0177137 -0.0161083 -0.0161644 -0.0126724 -0.00750933 -0.00148257 
12.4 -78.456 83 -77.2091 0.0740025 0.194811 0.183119 0.200964 0.352033 0.360886 0.437762 0.508622 0.530181 0.580855 0.587469 0.56617 0.468269 0.380874 0.26991 0.17899 0.097237 0.0392266 0.00531807 -0.0107183 -0.0160974 -0.0180397 -0.0178788 -0.0183789 -0.0169889 -0.0170535 -0.0159231 -0.015754 -0.0124939 -0.00726163 -0.00148841 
12.5 -78.456 83 -77.2091 0.0754065 0.196088 0.173601 0.204868 0.345733 0.349157 0.436984 0.502215 0.524208 0.576932 0.589265 0.573265 0.480351 0.394364 0.28233 0.191611 0.107972 0.0476992 0.0113234 -0.00666584 -0.0132859 -0.0161706 -0.0165403 -0.0173589 -0.0162835 -0.0166046 -0.015904 -0.0153998 -0.0123174 -0.00706725 -0.00151713 
12.6 -78.456 83 -77.2092 0.0749997 0.195549 0.165165 0.209976 0.338102 0.338003 0.436118 0.495629 0.518176 0.572888 0.590147 0.579397 0.492332 0.407784 0.294694 0.204086 0.11865 0.0561962 0.0172854 -0.00276744 -0.0107391 -0.0145935 -0.0154977 -0.0166018 -0.015842 -0.0163642 -0.0160236 -0.0150965 -0.0121404 -0.00693101 -0.00156229 
12.7 -78.456 83 -77.2093 0.0728257 0.193253 0.158047 0.215777 0.329159 0.327639 0.435039 0.488917 0.512217 0.568773 0.590096 0.584509 0.504122 0.421126 0.307021 0.216411 0.129244 0.0646908 0.0231955 0.00097861 -0.00845129 -0.0132955 -0.0147355 -0.0160927 -0.015649 -0.0163186 -0.0162451 -0.0148354 -0.0119628 -0.00685581 -0.0016191 
12.8 -78.456 83 -77.2093 0.0690389 0.189379 0.152429 0.221783 0.318971 0.318284 0.433629 0.482127 0.50648 0.564623 0.589115 0.588593 0.515591 0.434348 0.319329 0.228598 0.139764 0.0732183 0.0290778 0.0045935 -0.00639859 -0.0122491 -0.0142261 -0.0158066 -0.0156782 -0.0164436 -0.0165273 -0.0146069 -0.0117874 -0.00684219 -0.00168465 
12.9 -78.456 83 -77.2094 0.0638877 0.184179 0.148384 0.227533 0.307627 0.310116 0.431785 0.475319 0.501122 0.56047 0.587243 0.591683 0.526637 0.44738 0.331642 0.240683 0.150237 0.0817979 0.0349625 0.008114 -0.00454343 -0.0114156 -0.013934 -0.0157121 -0.0158947 -0.016705 -0.0168298 -0.014403 -0.0116197 -0.00688871 -0.00175777 
13 -78.456 83 -77.2095 0.0576992 0.177959 0.145898 0.232657 0.295267 0.303273 0.429411 0.468548 0.496288 0.556318 0.584532 0.593811 0.537175 0.460181 0.343993 0.252725 0.160702 0.090468 0.0408941 0.0115887 -0.00283846 -0.0107498 -0.0138193 -0.0157734 -0.0162577 -0.0170611 -0.0171186 -0.014219 -0.0114665 -0.00699159 -0.00183843 
13.1 -78.456 83 -77.2096 0.0508628 0.171058 0.144903 0.236912 0.282056 0.297831 0.426441 0.461865 0.492104 0.552158 0.58107 0.595034 0.547091 0.4727 0.356411 0.264788 0.171204 0.0992779 0.0469256 0.0150744 -0.0012304 -0.0102038 -0.0138407 -0.0159532 -0.0167233 -0.0174664 -0.0173706 -0.0140543 -0.0113356 -0.00714523 -0.00192708 
13.2 -78.456 83 -77.2096 0.0438003 0.163799 0.145258 0.240122 0.268213 0.293797 0.422815 0.455289 0.488666 0.547971 0.576962 0.595438 0.556291 0.484875 0.368951 0.276938 0.181795 0.108273 0.0531117 0.0186315 0.00033636 -0.00972989 -0.0139579 -0.0162151 -0.0172481 -0.0178772 -0.0175742 -0.0139131 -0.0112346 -0.00734247 -0.00202379 
13.3 -78.456 83 -77.2097 0.0369374 0.156476 0.146778 0.242219 0.253997 0.291127 0.418501 0.44885 0.48604 0.543755 0.572359 0.595132 0.564709 0.496699 0.381696 0.289228 0.192532 0.117501 0.0594993 0.0223179 0.00191634 -0.00928267 -0.0141325 -0.0165251 -0.0177925 -0.0182569 -0.0177287 -0.0138047 -0.0111712 -0.00757492 -0.00212768 
13.4 -78.456 83 -77.2098 0.0306683 0.149332 0.149249 0.243225 0.239696 0.289683 0.413453 0.442552 0.48423 0.539521 0.56741 0.594258 0.572271 0.508155 0.394738 0.301717 0.203454 0.126991 0.0661239 0.0261836 0.00356211 -0.00881987 -0.0143289 -0.016854 -0.0183242 -0.0185809 -0.0178413 -0.0137434 -0.0111537 -0.00783333 -0.0022367 
13.5 -78.456 83 -77.2099 0.0253217 0.142534 0.152419 0.243219 0.225617 0.289272 0.407635 0.436411 0.483212 0.535313 0.562239 0.592953 0.578904 0.519161 0.40812 0.314448 0.214602 0.136763 0.073038 0.0302801 0.00532184 -0.00830352 -0.0145153 -0.0171787 -0.0188199 -0.0188382 -0.0179252 -0.0137483 -0.0111911 -0.00810846 -0.00234787 
13.6 -78.456 83 -77.21 0.0211441 0.13623 0.156074 0.242361 0.212151 0.289697 0.401022 0.430457 0.482922 0.531183 0.556966 0.591314 0.584566 0.529702 0.421822 0.327419 0.225995 0.146825 0.0802464 0.0346362 0.00723629 -0.00770143 -0.0146646 -0.0174835 -0.0192669 -0.019033 -0.0179965 -0.0138402 -0.0112922 -0.00839189 -0.0024576 
13.7 -78.456 83 -77.21 0.0182771 0.130525 0.15999 0.2408 0.199675 0.290715 0.393579 0.424729 0.483258 0.527187 0.551714 0.589425 0.589228 0.539732 0.435761 0.340621 0.237646 0.157165 0.0877575 0.0392731 0.00933823 -0.00698803 -0.0147561 -0.0177615 -0.0196639 -0.0191832 -0.0180732 -0.0140398 -0.0114646 -0.00867716 -0.00256207 
13.8 -78.456 83 -77.2101 0.016759 0.125476 0.163953 0.238698 0.188568 0.292078 0.385266 0.419277 0.484078 0.523383 0.54661 0.587365 0.592877 0.549177 0.449819 0.354022 0.249566 0.16777 0.0955654 0.0442013 0.0116508 -0.00614613 -0.0147775 -0.0180152 -0.0200209 -0.0193176 -0.0181747 -0.0143635 -0.0117139 -0.00896045 -0.00265765 
13.9 -78.456 83 -77.2102 0.0165321 0.12112 0.167772 0.236233 0.179178 0.293559 0.376069 0.414176 0.485205 0.519814 0.541755 0.585182 0.595518 0.557996 0.463911 0.367604 0.261745 0.178599 0.103657 0.0494221 0.0141877 -0.00516731 -0.0147253 -0.0182558 -0.0203575 -0.0194715 -0.0183214 -0.0148202 -0.0120418 -0.00923986 -0.00274111 
14 -78.456 83 -77.2103 0.0174535 0.117488 0.17127 0.233568 0.171795 0.294949 0.365994 0.409496 0.486445 0.516541 0.537243 0.582904 0.597156 0.566139 0.477936 0.381355 0.274179 0.189629 0.112014 0.0549296 0.016954 -0.00405107 -0.0146052 -0.0185011 -0.0206999 -0.0196819 -0.0185339 -0.0154085 -0.0124454 -0.00951452 -0.00280981 
14.1 -78.456 83 -77.2104 0.0193139 0.114595 0.174282 0.230835 0.166616 0.296061 0.355068 0.405307 0.487609 0.513591 0.533164 0.580545 0.597823 0.573538 0.491759 0.395221 0.286844 0.200823 0.120605 0.0606957 0.0199432 -0.00280372 -0.0144292 -0.0187729 -0.0210764 -0.019982 -0.0188301 -0.0161142 -0.0129154 -0.00978313 -0.00286189 
14.2 -78.456 83 -77.2105 0.0218649 0.112451 0.176683 0.228153 0.163773 0.296759 0.343356 0.401663 0.488525 0.510963 0.529596 0.578111 0.597591 0.580138 0.505229 0.40914 0.299732 0.212151 0.12941 0.0667336 0.0231436 -0.00143686 -0.0142115 -0.0190911 -0.021514 -0.0203967 -0.0192231 -0.0169107 -0.0134367 -0.0100427 -0.00289622 
14.3 -78.456 83 -77.2106 0.0248463 0.111052 0.178363 0.225592 0.163316 0.296958 0.330967 0.398576 0.489032 0.508634 0.526612 0.575611 0.596552 0.585935 0.5182 0.423067 0.312815 0.223587 0.13841 0.0730267 0.0265695 4.9667e-05 -0.0139636 -0.0194704 -0.0220336 -0.0209394 -0.0197176 -0.0177613 -0.0139886 -0.0102877 -0.0029126 
14.4 -78.456 83 -77.2107 0.0280031 0.110389 0.179235 0.223172 0.165218 0.296634 0.318079 0.396029 0.489002 0.506576 0.524267 0.573051 0.594792 0.590939 0.530553 0.43695 0.326064 0.235105 0.147567 0.0795541 0.0302011 0.00164895 -0.013692 -0.0199158 -0.0226451 -0.0216084 -0.0203076 -0.0186225 -0.0145464 -0.0105097 -0.00291147 
14.5 -78.456 83 -77.2108 0.0311035 0.110463 0.179216 0.220854 0.16935 0.295796 0.30491 0.39394 0.488313 0.504716 0.522594 0.570462 0.592422 0.59514 0.542167 0.450691 0.339448 0.246694 0.156869 0.0863197 0.0340436 0.00336743 -0.0133928 -0.0204182 -0.0233433 -0.0223866 -0.0209756 -0.019449 -0.0150838 -0.0106983 -0.00289403 
14.6 -78.456 83 -77.2109 0.0339585 0.111294 0.17823 0.218566 0.175523 0.29451 0.291732 0.392197 0.486882 0.502981 0.52161 0.567886 0.58956 0.598552 0.552942 0.464185 0.352951 0.258358 0.166317 0.0933302 0.0381119 0.0052227 -0.01305 -0.0209535 -0.0241079 -0.0232436 -0.0216944 -0.0201979 -0.0155744 -0.0108426 -0.00286208 
14.7 -78.456 83 -77.211 0.0364353 0.112889 0.176237 0.216227 0.183493 0.292865 0.278838 0.390669 0.484632 0.501283 0.521305 0.565376 0.586325 0.601211 0.562789 0.477342 0.36656 0.2701 0.175915 0.100599 0.0424342 0.00724383 -0.0126359 -0.0214848 -0.0249047 -0.0241376 -0.0224307 -0.0208341 -0.015994 -0.0109338 -0.00281791 
14.8 -78.456 83 -77.211 0.0384663 0.115195 0.173218 0.213752 0.192958 0.290961 0.266528 0.38921 0.481485 0.49954 0.521665 0.56298 0.582812 0.603143 0.571639 0.490095 0.380258 0.281936 0.185682 0.108149 0.047049 0.00946988 -0.0121138 -0.0219664 -0.025691 -0.0250214 -0.0231486 -0.0213325 -0.0163222 -0.0109658 -0.00276411 
14.9 -78.456 83 -77.2111 0.0400445 0.118071 0.169192 0.211059 0.203568 0.288896 0.255132 0.387677 0.477362 0.497655 0.522646 0.560746 0.57911 0.604405 0.579456 0.502348 0.394045 0.293888 0.195643 0.115992 0.0519977 0.0119437 -0.0114444 -0.0223505 -0.0264205 -0.0258479 -0.0238133 -0.0216815 -0.0165443 -0.010936 -0.00270324 
15 -78.456 83 -77.2112 0.041219 0.121328 0.164265 0.208102 0.214962 0.286751 0.244963 0.385937 0.472203 0.495538 0.524163 0.558712 0.575293 0.605041 0.586202 0.514033 0.407876 0.30597 0.205825 0.124154 0.0573274 0.0147106 -0.0105875 -0.0225913 -0.0270485 -0.0265748 -0.0243937 -0.0218835 -0.0166536 -0.0108451 -0.00263782 
15.1 -78.456 83 -77.2113 0.0420709 0.124734 0.15859 0.204854 0.226764 0.284593 0.236318 0.383888 0.465974 0.493133 0.526099 0.556909 0.571446 0.6051 0.591834 0.525101 0.421722 0.318193 0.216249 0.132641 0.0630764 0.0178123 -0.00950481 -0.0226478 -0.0275341 -0.0271682 -0.0248645 -0.0219541 -0.0166522 -0.010697 -0.00257016 
15.2 -78.456 83 -77.2114 0.0426925 0.128043 0.152355 0.2013 0.23857 0.282468 0.229433 0.381476 0.458685 0.490404 0.52832 0.555315 0.567636 0.6046 0.596322 0.53552 0.435531 0.330568 0.22696 0.141475 0.0692787 0.0212887 -0.00815893 -0.0224851 -0.0278438 -0.027606 -0.0252087 -0.0219192 -0.0165528 -0.0104984 -0.00250244 
15.3 -78.456 83 -77.2115 0.0431738 0.131049 0.145852 0.197488 0.249956 0.280391 0.224496 0.378684 0.450374 0.487326 0.530694 0.553871 0.563955 0.603593 0.599659 0.545282 0.449187 0.343074 0.237968 0.150661 0.0759564 0.0251746 -0.00651575 -0.0220769 -0.0279553 -0.0278806 -0.0254181 -0.0218112 -0.0163772 -0.0102598 -0.00243672 
15.4 -78.456 83 -77.2116 0.0435842 0.133587 0.139367 0.193484 0.260495 0.278351 0.221633 0.375522 0.441111 0.483929 0.533108 0.552491 0.560493 0.602137 0.601905 0.554417 0.462618 0.355713 0.24928 0.160209 0.0831175 0.029485 -0.00454898 -0.0214068 -0.0278596 -0.0279984 -0.0254955 -0.0216658 -0.0161554 -0.00999596 -0.00237503 
15.5 -78.456 83 -77.2117 0.0439646 0.135533 0.133214 0.189397 0.269773 0.276292 0.220909 0.372032 0.431002 0.480245 0.53545 0.55106 0.557322 0.600272 0.603112 0.562901 0.475739 0.368484 0.260894 0.170122 0.0907678 0.0342646 -0.0022274 -0.0204677 -0.0275602 -0.0279787 -0.0254553 -0.0215177 -0.0159198 -0.009726 -0.0023194 
15.6 -78.456 83 -77.2119 0.0443248 0.136792 0.12769 0.185394 0.277433 0.274165 0.222315 0.368283 0.420202 0.476288 0.537592 0.549473 0.554515 0.598044 0.603294 0.570667 0.488416 0.381369 0.272804 0.180394 0.0988875 0.0395125 0.000463678 -0.0192607 -0.0270711 -0.0278503 -0.0253239 -0.0213966 -0.0157024 -0.00947339 -0.002272 
15.7 -78.456 83 -77.212 0.0446449 0.137309 0.123072 0.181692 0.283172 0.27188 0.225771 0.364344 0.408889 0.472081 0.539411 0.547655 0.552129 0.595516 0.602495 0.577646 0.500497 0.394324 0.284991 0.19102 0.107461 0.0452352 0.00353717 -0.0177931 -0.0264141 -0.0276475 -0.0251365 -0.0213239 -0.0155293 -0.00926365 -0.00223523 
15.8 -78.456 83 -77.2121 0.044884 0.137051 0.119594 0.178553 0.28677 0.269328 0.231123 0.36028 0.397261 0.467647 0.540784 0.545586 0.550219 0.59276 0.600788 0.583771 0.511862 0.407296 0.297426 0.201978 0.116457 0.0514285 0.00699922 -0.0160765 -0.0256148 -0.0274044 -0.0249325 -0.0213112 -0.0154173 -0.00912149 -0.00221182 
15.9 -78.456 83 -77.2122 0.0449895 0.135972 0.117407 0.17624 0.288113 0.266387 0.238155 0.35616 0.385542 0.463028 0.541553 0.543259 0.548815 0.589833 0.59828 0.588975 0.522405 0.420244 0.310084 0.213243 0.125838 0.0580814 0.0108539 -0.0141215 -0.0246967 -0.0271481 -0.0247494 -0.021358 -0.0153721 -0.00906736 -0.00220463 
16 -78.456 83 -77.2123 0.0449088 0.13404 0.116604 0.17499 0.287174 0.26293 0.246581 0.352029 0.373967 0.458298 0.541581 0.540719 0.547963 0.586786 0.595104 0.593219 0.532048 0.433092 0.322945 0.224781 0.135566 0.0651743 0.015105 -0.0119329 -0.0236745 -0.0268932 -0.0246155 -0.0214522 -0.0153881 -0.00911387 -0.00221637 
16.1 -78.456 83 -77.2124 0.0445905 0.131203 0.117164 0.174968 0.284049 0.25889 0.256086 0.347924 0.362779 0.453531 0.540719 0.538016 0.547686 0.583699 0.591453 0.596501 0.540773 0.445771 0.335976 0.236564 0.14562 0.0727002 0.0197658 -0.00950219 -0.0225489 -0.0266376 -0.0245447 -0.0215712 -0.0154517 -0.00926291 -0.00224919 
16.2 -78.456 83 -77.2126 0.0439953 0.127444 0.118979 0.176242 0.278874 0.254232 0.266321 0.343853 0.352207 0.448789 0.538861 0.535198 0.547974 0.580656 0.58751 0.598854 0.548624 0.458228 0.349171 0.248563 0.155989 0.0806523 0.0248578 -0.00680664 -0.0213046 -0.0263614 -0.0245315 -0.0216848 -0.0155437 -0.00950401 -0.00230406 
16.3 -78.456 83 -77.2127 0.0431009 0.122798 0.121886 0.178766 0.271837 0.24898 0.276921 0.33981 0.342494 0.444131 0.535939 0.532302 0.54879 0.577703 0.583423 0.600347 0.55567 0.47041 0.362516 0.260753 0.166663 0.0890289 0.0304111 -0.00380915 -0.0199122 -0.0260292 -0.0245524 -0.0217592 -0.0156431 -0.00981523 -0.00238016 
16.4 -78.456 83 -77.2128 0.0419035 0.117376 0.125678 0.182387 0.263198 0.24323 0.287512 0.335774 0.333869 0.439605 0.531928 0.529351 0.550064 0.574861 0.579339 0.601077 0.561964 0.48227 0.375982 0.273138 0.177661 0.0978406 0.0364657 -0.000460367 -0.0183304 -0.025594 -0.0245687 -0.0217618 -0.0157293 -0.0101662 -0.00247444 
16.5 -78.456 83 -77.213 0.0404164 0.111368 0.130147 0.186861 0.253265 0.237158 0.297721 0.331704 0.326532 0.435229 0.52685 0.52636 0.551708 0.572134 0.575425 0.601155 0.567537 0.493745 0.389508 0.28572 0.188992 0.107105 0.0430605 0.00329489 -0.016512 -0.0250032 -0.0245335 -0.0216659 -0.0157837 -0.0105224 -0.00258146 
16.6 -78.456 83 -77.2131 0.0386578 0.105016 0.135056 0.191848 0.242362 0.230999 0.307178 0.327542 0.320648 0.431001 0.520755 0.523336 0.553628 0.569542 0.57183 0.600698 0.572419 0.504802 0.403083 0.298524 0.200695 0.116856 0.0502347 0.00751362 -0.0144081 -0.0242046 -0.024397 -0.0214526 -0.015791 -0.0108496 -0.00269371 
16.7 -78.456 83 -77.2132 0.0366495 0.0986173 0.140174 0.196987 0.23085 0.225028 0.315537 0.323236 0.316332 0.426908 0.51373 0.520276 0.555717 0.567094 0.568668 0.599828 0.576621 0.515405 0.416694 0.311567 0.212778 0.127097 0.0580066 0.0122426 -0.0119749 -0.0231509 -0.0241125 -0.0211127 -0.0157388 -0.0111179 -0.00280241 
16.8 -78.456 83 -77.2133 0.0344158 0.0924862 0.145239 0.201892 0.219089 0.219515 0.322471 0.318735 0.313628 0.422923 0.505897 0.517195 0.557891 0.564779 0.566015 0.598635 0.580137 0.52555 0.430276 0.324851 0.225245 0.137824 0.0663791 0.0175174 -0.00917498 -0.0218038 -0.0236414 -0.0206482 -0.0156191 -0.0113047 -0.00289859 
16.9 -78.456 83 -77.2135 0.031987 0.0869255 0.150003 0.206221 0.207471 0.214728 0.327706 0.313996 0.31252 0.419003 0.497412 0.5141 0.560044 0.562581 0.563935 0.597199 0.582983 0.535207 0.443717 0.338362 0.238088 0.149035 0.0753234 0.0233545 -0.00597948 -0.0201365 -0.0229568 -0.0200726 -0.0154292 -0.0113955 -0.00297426 
17 -78.456 83 -77.2136 0.0293962 0.0821833 0.154232 0.209677 0.196381 0.210903 0.331026 0.30899 0.312912 0.4151 0.488455 0.511001 0.562061 0.560489 0.562461 0.595571 0.585167 0.54433 0.456928 0.352078 0.251267 0.160698 0.0848328 0.0297658 -0.00236909 -0.0181355 -0.0220456 -0.0194093 -0.0151725 -0.0113849 -0.0030234 
17.1 -78.456 83 -77.2137 0.0266815 0.0784463 0.157725 0.212023 0.186206 0.208256 0.332291 0.30371 0.314649 0.411169 0.479224 0.507914 0.563821 0.558487 0.561576 0.593762 0.586679 0.552881 0.469834 0.365991 0.264722 0.172749 0.0948346 0.0367193 0.00165915 -0.0158017 -0.0209082 -0.0186877 -0.0148586 -0.0112749 -0.00304264 
17.2 -78.456 83 -77.2139 0.0238816 0.0757978 0.160273 0.213043 0.177275 0.206948 0.331441 0.298182 0.317543 0.407177 0.469926 0.504847 0.565187 0.556551 0.561227 0.591768 0.587527 0.560812 0.482332 0.380053 0.278392 0.185133 0.105275 0.0442094 0.00610937 -0.0131466 -0.0195567 -0.017938 -0.0145022 -0.0110744 -0.00303146 
17.3 -78.456 83 -77.214 0.021044 0.0742484 0.161717 0.212614 0.169864 0.207067 0.328487 0.292452 0.321366 0.403085 0.460755 0.501791 0.566005 0.554636 0.56132 0.589569 0.587738 0.568038 0.494315 0.394142 0.292189 0.197759 0.116075 0.0521718 0.0109501 -0.0101964 -0.0180122 -0.0171861 -0.0141216 -0.010797 -0.00299185 
17.4 -78.456 83 -77.2141 0.0182264 0.0737648 0.161956 0.210674 0.164151 0.208617 0.32351 0.286592 0.325872 0.398854 0.451886 0.498717 0.566122 0.552724 0.561767 0.587145 0.587356 0.574499 0.505677 0.408181 0.306051 0.210555 0.12716 0.0605547 0.0161847 -0.00697216 -0.0163007 -0.0164486 -0.0137362 -0.0104599 -0.00292772 
17.5 -78.456 83 -77.2143 0.0154994 0.0743102 0.160948 0.207195 0.160197 0.211483 0.316627 0.280666 0.330793 0.394443 0.443442 0.495589 0.565408 0.550796 0.562452 0.584504 0.586461 0.580129 0.516337 0.422104 0.319912 0.223442 0.138457 0.0692997 0.0217784 -0.00350513 -0.0144481 -0.0157277 -0.0133628 -0.0100826 -0.00284399 
17.6 -78.456 83 -77.2144 0.0129556 0.0758571 0.158727 0.202212 0.157974 0.215475 0.308004 0.274777 0.335867 0.389827 0.435527 0.492378 0.56376 0.548833 0.563252 0.581668 0.585125 0.584846 0.526253 0.435824 0.333705 0.236343 0.149891 0.0783366 0.0277092 0.000180433 -0.0124757 -0.0150107 -0.0130134 -0.00968517 -0.00274581 
17.7 -78.456 83 -77.2146 0.0107093 0.0783573 0.155386 0.195825 0.157365 0.220336 0.297866 0.269055 0.340844 0.384992 0.428209 0.48906 0.561097 0.546829 0.564074 0.578652 0.583393 0.588591 0.535395 0.449242 0.347397 0.249211 0.16141 0.0876147 0.0339624 0.00407043 -0.0103961 -0.0142715 -0.0126932 -0.00928634 -0.00263793 
17.8 -78.456 83 -77.2147 0.00889531 0.0817217 0.151073 0.188185 0.158168 0.22573 0.286484 0.263633 0.345469 0.379918 0.421534 0.485628 0.557392 0.544781 0.564836 0.575496 0.581311 0.59134 0.543732 0.462242 0.360945 0.262002 0.172964 0.0970912 0.040531 0.00816145 -0.00821145 -0.013476 -0.012399 -0.00890207 -0.00252437 
17.9 -78.456 83 -77.2149 0.00766083 0.0858217 0.145998 0.179533 0.160156 0.231292 0.274181 0.258648 0.349497 0.374585 0.41552 0.482061 0.55267 0.542705 0.565472 0.572249 0.57897 0.593103 0.551246 0.474711 0.374292 0.274697 0.184521 0.106745 0.0474208 0.012464 -0.00591192 -0.0125869 -0.0121198 -0.00854355 -0.00240846 
18 -78.456 83 -77.215 0.00714675 0.0904774 0.140406 0.170195 0.163074 0.236632 0.261307 0.254237 0.352711 0.368992 0.410173 0.478331 0.547006 0.540613 0.565936 0.568935 0.576443 0.593906 0.55791 0.486547 0.387398 0.287302 0.196075 0.116567 0.0546462 0.0170014 -0.00347701 -0.0115698 -0.0118373 -0.00821585 -0.00229305 
18.1 -78.456 83 -77.2152 0.00745838 0.0954296 0.13454 0.160556 0.166675 0.24139 0.248239 0.250545 0.354928 0.363171 0.405488 0.4744 0.540523 0.538516 0.56619 0.565592 0.573818 0.593805 0.563678 0.497676 0.400259 0.299836 0.207632 0.126574 0.0622289 0.0218083 -0.000877693 -0.0103953 -0.011527 -0.00791703 -0.0021809 
18.2 -78.456 83 -77.2153 0.00864703 0.100377 0.128652 0.151038 0.170719 0.24524 0.23537 0.247703 0.355989 0.357173 0.401463 0.47023 0.533379 0.536427 0.56621 0.562264 0.571187 0.592871 0.568519 0.508068 0.412866 0.312323 0.21921 0.136768 0.0701858 0.0269226 0.0019181 -0.0090424 -0.0111618 -0.00763861 -0.00207513 
18.3 -78.456 83 -77.2154 0.0106932 0.104985 0.122977 0.142056 0.174974 0.24792 0.223071 0.245789 0.355758 0.351063 0.39808 0.465776 0.525744 0.534343 0.565968 0.559018 0.568643 0.591181 0.572426 0.517704 0.425187 0.324793 0.230848 0.14719 0.0785382 0.0323865 0.00494388 -0.00749699 -0.0107147 -0.0073671 -0.00197925 
18.4 -78.456 83 -77.2156 0.013506 0.10893 0.117707 0.133996 0.179229 0.249237 0.211683 0.244824 0.35414 0.34492 0.39531 0.460971 0.517794 0.532264 0.565437 0.555913 0.566261 0.588818 0.575374 0.526579 0.437179 0.337271 0.242578 0.157852 0.087295 0.0382368 0.00822914 -0.00575243 -0.0101613 -0.00708606 -0.0018967 
18.5 -78.456 83 -77.2157 0.0169359 0.111942 0.112978 0.12719 0.183289 0.249082 0.201507 0.244785 0.351105 0.338843 0.393137 0.455769 0.509707 0.530189 0.564578 0.552999 0.564092 0.585872 0.577359 0.534721 0.448799 0.349779 0.254453 0.168791 0.0964621 0.0444935 0.0117944 -0.00380832 -0.00948261 -0.00677918 -0.00183007 
18.6 -78.456 83 -77.2159 0.020792 0.113825 0.108873 0.121872 0.186978 0.247417 0.192784 0.245599 0.346653 0.332912 0.391512 0.450139 0.501655 0.528133 0.56337 0.550331 0.562167 0.582429 0.57841 0.542161 0.46006 0.362336 0.266497 0.180007 0.106034 0.0511984 0.0156607 -0.00167007 -0.00866721 -0.00643279 -0.00178019 
18.7 -78.456 83 -77.216 0.024863 0.114484 0.105424 0.118173 0.190152 0.244288 0.185707 0.247161 0.340835 0.327234 0.3904 0.444103 0.493796 0.526086 0.561776 0.54796 0.560486 0.578584 0.578582 0.548889 0.470984 0.37499 0.278743 0.191503 0.115986 0.0583391 0.0198296 0.00065193 -0.00771092 -0.0060382 -0.00174535 
18.8 -78.456 83 -77.2162 0.0289257 0.113903 0.102613 0.116103 0.192695 0.239816 0.180389 0.249319 0.333748 0.321916 0.389761 0.437708 0.486255 0.524027 0.559766 0.545918 0.559019 0.574462 0.577986 0.554876 0.481572 0.387776 0.291208 0.203268 0.126287 0.0659026 0.0242994 0.00314497 -0.00661607 -0.00559247 -0.00172097 
18.9 -78.456 83 -77.2164 0.0327591 0.112152 0.100423 0.115588 0.194522 0.234185 0.176877 0.251882 0.325524 0.317069 0.389557 0.431031 0.479122 0.521919 0.557321 0.544226 0.557709 0.570183 0.576775 0.56011 0.491818 0.400643 0.303877 0.215271 0.13688 0.0738512 0.0290613 0.00579525 -0.0053901 -0.00509799 -0.00169988 
19 -78.456 83 -77.2165 0.036155 0.109355 0.0988318 0.116483 0.195553 0.227608 0.175141 0.25464 0.31632 0.312781 0.389721 0.424161 0.472453 0.519702 0.554442 0.542895 0.556493 0.565876 0.575091 0.564553 0.501677 0.413545 0.316728 0.227474 0.147716 0.0821421 0.0341079 0.00859479 -0.00404201 -0.00456021 -0.00167307 
19.1 -78.456 83 -77.2167 0.0389357 0.105682 0.0978128 0.118567 0.195705 0.220335 0.175108 0.257372 0.306308 0.30912 0.390169 0.417206 0.466279 0.517299 0.551132 0.54191 0.555317 0.561658 0.573045 0.568153 0.511103 0.426414 0.329721 0.239823 0.158717 0.0907176 0.0394317 0.0115426 -0.00258131 -0.00398604 -0.00163108 
19.2 -78.456 83 -77.2168 0.0409644 0.101348 0.0973345 0.121599 0.194939 0.212651 0.176661 0.259881 0.295701 0.306149 0.390783 0.410253 0.460619 0.514628 0.547405 0.541262 0.554166 0.557609 0.570731 0.570856 0.520025 0.439165 0.342784 0.252248 0.16982 0.0995124 0.0450299 0.0146494 -0.00101469 -0.00338066 -0.00156535 
19.3 -78.456 83 -77.217 0.0421466 0.0966031 0.0973763 0.125302 0.193227 0.204845 0.179643 0.261971 0.284731 0.303904 0.391412 0.403401 0.45547 0.511585 0.543289 0.540918 0.553006 0.553788 0.568241 0.572618 0.528328 0.451657 0.355836 0.264693 0.180955 0.108474 0.0509061 0.0179379 0.00065506 -0.00274556 -0.00146944 
19.4 -78.456 83 -77.2171 0.0424279 0.0916986 0.0979276 0.129414 0.190584 0.197202 0.18388 0.263477 0.273644 0.302396 0.39189 0.396755 0.450841 0.508089 0.538845 0.54087 0.551808 0.550252 0.565675 0.573434 0.535896 0.463738 0.368824 0.277089 0.192063 0.117549 0.0570658 0.021441 0.00242979 -0.00207643 -0.0013397 
19.5 -78.456 83 -77.2173 0.0417855 0.0868271 0.0989458 0.133672 0.187024 0.189967 0.189151 0.264256 0.262684 0.301616 0.392041 0.390413 0.446748 0.504063 0.53412 0.541089 0.550541 0.547031 0.563098 0.57331 0.542607 0.475278 0.381696 0.289388 0.203099 0.126706 0.0635186 0.0251993 0.00431681 -0.00136197 -0.00117538 
19.6 -78.456 83 -77.2175 0.0402344 0.0821609 0.10041 0.137851 0.182622 0.18338 0.195234 0.264182 0.252092 0.301521 0.391687 0.384481 0.443223 0.499459 0.529191 0.541526 0.549197 0.544147 0.560534 0.572295 0.548365 0.48615 0.394361 0.301545 0.214035 0.135921 0.0702712 0.0292557 0.00632965 -0.000584124 -0.000978187 
19.7 -78.456 83 -77.2176 0.0378266 0.0778691 0.102294 0.141753 0.177491 0.177615 0.201863 0.263112 0.242084 0.30201 0.39065 0.379057 0.440309 0.494243 0.524132 0.542108 0.547771 0.541604 0.557983 0.570472 0.553108 0.496218 0.40672 0.313526 0.224845 0.145177 0.0773065 0.0336461 0.00848756 0.00028031 -0.000751671 
19.8 -78.456 83 -77.2178 0.0346538 0.074102 0.104557 0.145178 0.17178 0.172821 0.208792 0.260952 0.232877 0.302938 0.388772 0.374226 0.438039 0.488425 0.519016 0.542736 0.546267 0.539398 0.555433 0.567962 0.556819 0.505397 0.418672 0.325304 0.235523 0.154478 0.0846531 0.0384142 0.0108176 0.00125851 -0.000500026 
19.9 -78.456 83 -77.218 0.03085 0.0709788 0.107163 0.147969 0.165695 0.169083 0.215751 0.257657 0.224668 0.30414 0.385936 0.370075 0.436436 0.482044 0.513917 0.543312 0.544703 0.537536 0.552889 0.564877 0.559502 0.513669 0.43014 0.336862 0.246073 0.163835 0.0922872 0.0435852 0.0133501 0.00237858 -0.000227308 
20 -78.456 83 -77.2181 0.0265909 0.0686026 0.110068 0.150005 0.159452 0.166415 0.222465 0.25327 0.217631 0.305437 0.382049 0.366643 0.43549 0.475167 0.508876 0.543705 0.543109 0.536042 0.550384 0.561374 0.561174 0.521016 0.441029 0.348169 0.256514 0.173257 0.100198 0.0491761 0.0161159 0.0036668 6.35085e-05 
20.1 -78.456 83 -77.2183 0.0220907 0.0670824 0.113219 0.151208 0.153281 0.16478 0.228669 0.247898 0.211909 0.306658 0.377049 0.363953 0.435166 0.467896 0.503938 0.543801 0.541524 0.534948 0.547943 0.557596 0.561902 0.527404 0.451266 0.359207 0.266876 0.182765 0.108373 0.0551953 0.0191436 0.00514643 0.000371277 
20.2 -78.456 83 -77.2185 0.0175964 0.066519 0.116539 0.151528 0.147431 0.164124 0.234121 0.241712 0.207623 0.307636 0.370931 0.362017 0.435399 0.460354 0.499133 0.543487 0.53999 0.534278 0.545588 0.553669 0.561794 0.532817 0.460853 0.370009 0.277197 0.192389 0.116804 0.061637 0.0224559 0.00683608 0.000696948 
20.3 -78.456 83 -77.2186 0.0133796 0.0669947 0.119951 0.150975 0.142152 0.164366 0.238584 0.234901 0.204846 0.308195 0.36372 0.360813 0.436081 0.452696 0.494479 0.542664 0.538548 0.534078 0.543365 0.549708 0.560943 0.537298 0.469845 0.380625 0.287513 0.202149 0.125479 0.0684829 0.0260672 0.00874935 0.00104357 
