t=0 enPsi maxBondDim enPhi svn(x) 
0 -67.6571 330 -65.8349 1.11555 1.03696 1.07955 1.08669 1.09362 1.0972 1.09951 1.10093 1.10184 1.1024 1.10272 1.10287 1.10287 1.10272 1.1024 1.10184 1.10094 1.09951 1.0972 1.09362 1.08669 1.07955 1.03696 1.11555 
0.1 -67.6571 253 -65.8349 -1.37099e-06 -7.14283e-06 -1.11244e-05 -1.25228e-05 -1.3377e-05 -1.4324e-05 -1.49849e-05 -1.53862e-05 -1.5551e-05 -1.38534e-05 0.0015857 0.00759545 0.00759528 0.00158538 -1.38824e-05 -1.54557e-05 -1.52284e-05 -1.49155e-05 -1.42946e-05 -1.35194e-05 -1.29563e-05 -1.14103e-05 -7.26369e-06 -1.40511e-06 
0.2 -67.6571 236 -65.8349 -2.92424e-06 -1.42275e-05 -2.21777e-05 -2.46007e-05 -2.65447e-05 -2.8173e-05 -2.93192e-05 -2.99001e-05 -2.7388e-05 2.53945e-06 0.00639721 0.0294337 0.0294329 0.00639596 2.35797e-06 -2.71791e-05 -2.94757e-05 -2.87729e-05 -2.7558e-05 -2.62891e-05 -2.52205e-05 -2.24829e-05 -1.44785e-05 -3.01482e-06 
0.3 -67.6571 227 -65.8348 -4.90132e-06 -2.32778e-05 -3.63531e-05 -4.00637e-05 -4.23476e-05 -4.46429e-05 -4.6312e-05 -4.71237e-05 -3.25867e-05 0.00011758 0.0144927 0.0631372 0.0631357 0.0144904 0.000117015 -3.25995e-05 -4.67479e-05 -4.57897e-05 -4.43425e-05 -4.261e-05 -4.14152e-05 -3.70607e-05 -2.40148e-05 -5.15945e-06 
0.4 -67.6571 224 -65.8348 -7.40866e-06 -3.43658e-05 -5.28217e-05 -5.85263e-05 -6.11049e-05 -6.3717e-05 -6.57027e-05 -6.6619e-05 -1.89306e-05 0.000450232 0.0259653 0.1059 0.105898 0.0259616 0.000449334 -1.89704e-05 -6.5928e-05 -6.5015e-05 -6.339e-05 -6.15366e-05 -6.00821e-05 -5.34316e-05 -3.48275e-05 -7.68606e-06 
0.5 -67.6571 224 -65.8348 -1.0329e-05 -4.58866e-05 -7.0141e-05 -7.88129e-05 -8.19588e-05 -8.4978e-05 -8.72435e-05 -8.71561e-05 3.29705e-05 0.00116051 0.0409044 0.155058 0.155055 0.0408978 0.00115817 3.25083e-05 -8.67942e-05 -8.68632e-05 -8.48973e-05 -8.26361e-05 -8.06082e-05 -7.12283e-05 -4.6802e-05 -1.07838e-05 
0.6 -67.6571 224 -65.8348 -1.38583e-05 -5.84638e-05 -8.89908e-05 -0.000100701 -0.000103888 -0.000107356 -0.000109912 -0.00010598 0.000151898 0.00244303 0.0593488 0.208288 0.208283 0.0593386 0.00243926 0.000151131 -0.000105505 -0.000109267 -0.000107056 -0.000104528 -0.000102414 -9.03126e-05 -5.95553e-05 -1.44555e-05 
0.7 -67.6571 227 -65.8348 -1.79286e-05 -7.16378e-05 -0.000109001 -0.000124012 -0.000127238 -0.000131039 -0.00013357 -0.00012064 0.000374967 0.00451893 0.0812381 0.263593 0.263587 0.081223 0.00451336 0.000373919 -0.000119954 -0.000132674 -0.000130634 -0.000128062 -0.000125679 -0.000110657 -7.29544e-05 -1.86805e-05 
0.8 -67.6571 240 -65.8348 -2.23293e-05 -8.48765e-05 -0.000129692 -0.000148165 -0.000151572 -0.000155398 -0.000156957 -0.00012522 0.000753006 0.00762955 0.106376 0.319218 0.31921 0.106355 0.00762153 0.000751447 -0.000124606 -0.0001561 -0.000154993 -0.000152627 -0.000149713 -0.000131698 -8.64621e-05 -2.32354e-05 
0.9 -67.6571 255 -65.8348 -2.67107e-05 -9.74476e-05 -0.000150049 -0.000172057 -0.000176024 -0.000179442 -0.000178403 -0.000110979 0.00135192 0.0120276 0.134418 0.373568 0.373557 0.13439 0.0120167 0.00134973 -0.0001103 -0.000177385 -0.000178974 -0.000177234 -0.000173365 -0.000152305 -9.92882e-05 -2.77381e-05 
1 -67.6571 272 -65.8348 -3.06744e-05 -0.000108654 -0.000169068 -0.000194647 -0.000199853 -0.00020239 -0.000195783 -6.56765e-05 0.00225425 0.0179685 0.16488 0.425187 0.425174 0.164845 0.0179545 0.00225127 -6.48563e-05 -0.000194694 -0.000201885 -0.000201084 -0.000195626 -0.00017146 -0.000110743 -3.17875e-05 
1.1 -67.6571 292 -65.8348 -3.38584e-05 -0.000117742 -0.00018532 -0.000214699 -0.000222047 -0.000223419 -0.000206479 2.77161e-05 0.00356124 0.0257003 0.197178 0.472831 0.472817 0.197139 0.0256835 0.00355727 2.88565e-05 -0.000205267 -0.000222812 -0.000223094 -0.000215309 -0.000187658 -0.000119993 -3.49938e-05 
1.2 -67.6571 313 -65.8348 -3.60753e-05 -0.000124251 -0.000197617 -0.000231304 -0.000241819 -0.000241847 -0.000207085 0.000191732 0.00539419 0.0354537 0.230684 0.515579 0.515566 0.23064 0.0354345 0.00538896 0.000193313 -0.000205837 -0.000241209 -0.000242558 -0.00023169 -0.000199835 -0.000126627 -3.71986e-05 
1.3 -67.6571 335 -65.8348 -3.74281e-05 -0.000128129 -0.000205328 -0.000244076 -0.000258732 -0.000257239 -0.00019334 0.000456277 0.00789546 0.04743 0.264791 0.552955 0.552947 0.264744 0.0474081 0.00788879 0.000458413 -0.000192096 -0.000256602 -0.000259063 -0.000244452 -0.000207533 -0.000130809 -3.85832e-05 
1.4 -67.6571 357 -65.8348 -3.83795e-05 -0.000130029 -0.000208765 -0.000253042 -0.000272217 -0.00026886 -0.000159085 0.000860783 0.0112285 0.061788 0.29899 0.585027 0.585024 0.298942 0.0617629 0.0112203 0.0008635 -0.000157879 -0.000268253 -0.000272079 -0.000253462 -0.000210772 -0.000132705 -3.95069e-05 
1.5 -67.6571 379 -65.8348 -3.94595e-05 -0.00013029 -0.000208792 -0.00025883 -0.000282477 -0.000275822 -9.56379e-05 0.00145662 0.0155757 0.078633 0.332923 0.612444 0.612445 0.332872 0.0786035 0.0155662 0.0014598 -9.44796e-05 -0.000275257 -0.00028193 -0.000259296 -0.000210639 -0.000133094 -4.06271e-05 
1.6 -67.6571 402 -65.8348 -4.14662e-05 -0.000130394 -0.000207473 -0.000262695 -0.000290073 -0.00027695 8.99132e-06 0.0023098 0.0211342 0.0980074 0.366406 0.636382 0.636387 0.366353 0.0979722 0.0211238 0.00231309 1.00962e-05 -0.000276429 -0.000289336 -0.000263311 -0.000209299 -0.000133493 -4.2761e-05 
1.7 -67.6571 426 -65.8348 -4.50893e-05 -0.000131868 -0.00020743 -0.000266618 -0.000296075 -0.000270262 0.000171422 0.00350353 0.0281085 0.119885 0.399433 0.658358 0.658364 0.399377 0.119843 0.0280978 0.00350641 0.00017252 -0.000269714 -0.000295218 -0.000267169 -0.000209227 -0.000135228 -4.65712e-05 
1.8 -67.6571 449 -65.8348 -5.07614e-05 -0.000136036 -0.000211112 -0.000272313 -0.000301451 -0.00025314 0.000413569 0.00513995 0.0367007 0.144167 0.432135 0.679919 0.679923 0.432077 0.14412 0.0366903 0.00514175 0.000414685 -0.000252576 -0.000300744 -0.000272798 -0.000212939 -0.000139827 -5.25064e-05 
1.9 -67.6571 474 -65.8348 -5.86683e-05 -0.00014445 -0.000220865 -0.000281873 -0.000307398 -0.000221776 0.000764267 0.00734127 0.0470987 0.170687 0.464731 0.702261 0.702259 0.464673 0.170635 0.0470893 0.00734121 0.000765336 -0.000221246 -0.000306986 -0.0002823 -0.000222749 -0.000148587 -6.06516e-05 
2 -67.6571 500 -65.8348 -6.84699e-05 -0.0001578 -0.000238175 -0.000296897 -0.00031458 -0.00017052 0.00126078 0.0102494 0.0594634 0.199211 0.497463 0.725894 0.725881 0.497407 0.199157 0.0594548 0.0102467 0.00126187 -0.000169958 -0.000314448 -0.000297297 -0.000240166 -0.000162441 -7.07125e-05 
2.1 -67.6571 528 -65.8348 -7.95449e-05 -0.000176628 -0.000263677 -0.000318512 -0.000323151 -9.13784e-05 0.00195043 0.0140236 0.0739158 0.22945 0.530533 0.750481 0.750455 0.530479 0.229398 0.0739075 0.0140178 0.0019516 -9.05831e-05 -0.000323059 -0.000318871 -0.00026573 -0.000181547 -8.19426e-05 
2.2 -67.6571 557 -65.8349 -9.08727e-05 -0.000200473 -0.000296807 -0.000346945 -0.000331994 2.73206e-05 0.0028925 0.018837 0.0905257 0.261076 0.564032 0.774947 0.774906 0.563978 0.261028 0.0905166 0.0188274 0.00289371 2.83976e-05 -0.000331886 -0.000347459 -0.000299065 -0.000205507 -9.3332e-05 
2.3 -67.6571 588 -65.8349 -0.000101391 -0.000228652 -0.000336214 -0.000381819 -0.000338941 0.000201433 0.00415971 0.02487 0.109302 0.293732 0.597896 0.797785 0.79773 0.59784 0.293688 0.109291 0.0248563 0.00416094 0.000202846 -0.00033873 -0.000382532 -0.000338764 -0.000233589 -0.000103818 
2.4 -67.6571 617 -65.8349 -0.000109914 -0.000259526 -0.00037974 -0.000421989 -0.000340149 0.000452204 0.0058393 0.032303 0.130189 0.327059 0.631867 0.817409 0.817339 0.631806 0.327019 0.130175 0.0322849 0.0058406 0.000454067 -0.000339753 -0.000422856 -0.00038262 -0.000264064 -0.000112205 
2.5 -67.6571 648 -65.8349 -0.000115401 -0.000290989 -0.000424704 -0.000465348 -0.000329497 0.00080767 0.00803352 0.0413067 0.153062 0.360712 0.665487 0.832462 0.832383 0.665418 0.360673 0.153044 0.0412839 0.00803503 0.00081006 -0.00032903 -0.000466354 -0.000427975 -0.000295085 -0.000117535 
2.6 -67.6571 681 -65.8349 -0.000117115 -0.000320758 -0.000468228 -0.000509034 -0.000298776 0.00130354 0.0108587 0.0520312 0.177737 0.394371 0.698121 0.842051 0.841968 0.698043 0.394328 0.177716 0.0520034 0.0108607 0.00130656 -0.00029826 -0.000510142 -0.000471905 -0.000324478 -0.000119123 
2.7 -67.6571 713 -65.8349 -0.000114678 -0.000346413 -0.000507565 -0.000549311 -0.000237016 0.00198449 0.0144437 0.0645952 0.203974 0.427749 0.729015 0.845887 0.845806 0.728928 0.427698 0.20395 0.064562 0.0144466 0.00198823 -0.00023631 -0.000550492 -0.000511636 -0.000349708 -0.000116556 
2.8 -67.6571 746 -65.8349 -0.000108109 -0.000365526 -0.000540052 -0.000581433 -0.000129762 0.00290532 0.0189262 0.0790752 0.231496 0.460584 0.757372 0.84436 0.844289 0.757278 0.460521 0.23147 0.0790367 0.0189306 0.00290982 -0.000128829 -0.000582589 -0.000544144 -0.000368332 -0.000109837 
2.9 -67.6571 779 -65.8349 -9.78537e-05 -0.000375987 -0.000563316 -0.000599704 4.10806e-05 0.00413176 0.0244488 0.095497 0.259999 0.492631 0.782451 0.838535 0.838479 0.782354 0.492554 0.259973 0.0954541 0.0244554 0.00413707 4.25445e-05 -0.000600652 -0.000567119 -0.000378353 -9.93797e-05 
3 -67.6571 800 -65.8349 -8.47392e-05 -0.000376287 -0.000575265 -0.000597308 0.000298169 0.00574105 0.0311538 0.11383 0.289178 0.523647 0.803663 0.830061 0.830023 0.803566 0.523556 0.289151 0.113785 0.0311632 0.00574719 0.000300475 -0.000597766 -0.000578463 -0.000378337 -8.59737e-05 
3.1 -67.6571 800 -65.8349 -6.99015e-05 -0.000365765 -0.000574214 -0.000566267 0.000669367 0.00782186 0.0391762 0.133984 0.318736 0.553387 0.820659 0.820999 0.820975 0.820569 0.553284 0.318709 0.13394 0.0391892 0.0078288 0.000672907 -0.000565723 -0.000576344 -0.000367449 -7.07122e-05 
3.2 -67.6571 800 -65.8349 -5.46796e-05 -0.000344672 -0.00055865 -0.000497185 0.00118862 0.0104735 0.0486378 0.155813 0.348409 0.581601 0.833401 0.813559 0.813544 0.833323 0.581491 0.348382 0.155776 0.0486549 0.0104812 0.00119382 -0.000495033 -0.000559391 -0.000345934 -5.49553e-05 
3.3 -67.6571 800 -65.8349 -4.04871e-05 -0.00031427 -0.000527195 -0.000379067 0.00189696 0.0138045 0.0596391 0.179125 0.377969 0.60805 0.842187 0.809792 0.809778 0.842125 0.607938 0.377943 0.179098 0.0596606 0.013813 0.00190408 -0.000374797 -0.000526391 -0.000315012 -4.01752e-05 
3.4 -67.6571 800 -65.835 -2.86657e-05 -0.000276596 -0.000478348 -0.000199014 0.00284326 0.0179303 0.0722532 0.203684 0.407235 0.63252 0.847638 0.811252 0.811232 0.847593 0.632409 0.407212 0.203674 0.0722789 0.0179396 0.00285237 -0.000192478 -0.000476036 -0.000276721 -2.77853e-05 
3.5 -67.6571 800 -65.835 -2.03345e-05 -0.000234142 -0.000410313 5.82027e-05 0.004085 0.0229706 0.086519 0.229235 0.43607 0.654846 0.850639 0.818711 0.818683 0.850608 0.654739 0.436053 0.229244 0.0865488 0.0229804 0.00409595 6.66762e-05 -0.000406636 -0.000233586 -1.89623e-05 
3.6 -67.6571 800 -65.835 -1.62487e-05 -0.000189242 -0.000320569 0.000410877 0.00568871 0.0290454 0.102437 0.255507 0.464375 0.674933 0.85222 0.832028 0.831993 0.852199 0.67483 0.464367 0.25554 0.102471 0.0290556 0.00570103 0.000420429 -0.00031585 -0.000188028 -1.45141e-05 
3.7 -67.6571 800 -65.835 -1.67333e-05 -0.000143652 -0.000205592 0.000881201 0.00772977 0.036271 0.119969 0.282241 0.492076 0.692771 0.853427 0.850227 0.850188 0.853409 0.692673 0.49208 0.282299 0.120005 0.0362813 0.00774297 0.000890767 -0.000200239 -0.000141911 -1.48054e-05 
3.8 -67.6571 800 -65.835 -2.16383e-05 -9.82975e-05 -6.03643e-05 0.00149634 0.010292 0.0447546 0.139032 0.309197 0.519109 0.708448 0.855175 0.871738 0.871698 0.855153 0.708354 0.519128 0.309281 0.139069 0.0447649 0.0103055 0.001505 -5.48322e-05 -9.62815e-05 -1.97083e-05 
3.9 -67.6571 800 -65.835 -3.03054e-05 -5.31949e-05 0.000122017 0.00228929 0.0134663 0.0545886 0.159509 0.336168 0.545405 0.722141 0.858124 0.894703 0.894665 0.858093 0.722052 0.545438 0.336278 0.159545 0.0545988 0.0134798 0.00229659 0.00012731 -5.12771e-05 -2.8592e-05 
4 -67.6571 800 -65.8351 -4.15593e-05 -7.43477e-06 0.000350903 0.00329974 0.0173487 0.0658445 0.181246 0.362992 0.57087 0.7341 0.86261 0.917282 0.917244 0.862566 0.734019 0.570915 0.363126 0.181279 0.0658547 0.0173617 0.00330579 0.000355611 -6.05812e-06 -4.031e-05 
4.1 -67.6571 800 -65.8351 -5.3709e-05 4.10024e-05 0.000638528 0.00457464 0.0220376 0.0785671 0.204065 0.389546 0.595384 0.74462 0.868624 0.937901 0.937864 0.868568 0.744552 0.595436 0.3897 0.204093 0.0785778 0.0220498 0.00457994 0.000642415 4.1475e-05 -5.31894e-05 
4.2 -67.6571 800 -65.8351 -6.46032e-05 9.56643e-05 0.00100053 0.00616824 0.0276307 0.0927698 0.227768 0.415748 0.618789 0.753999 0.875867 0.955455 0.955417 0.875803 0.75395 0.618843 0.415918 0.227791 0.0927815 0.027642 0.00617338 0.0010034 9.49791e-05 -6.50838e-05 
4.3 -67.6571 800 -65.8351 -7.17315e-05 0.000162138 0.00145659 0.00814197 0.0342225 0.108431 0.252153 0.441543 0.640899 0.762499 0.883835 0.969405 0.969368 0.883768 0.762473 0.640951 0.441722 0.25217 0.108445 0.0342324 0.00814725 0.00145826 0.000160164 -7.34136e-05 
4.4 -67.6571 800 -65.8352 -7.23692e-05 0.000248404 0.00203097 0.0105638 0.0418998 0.125495 0.27702 0.466891 0.661513 0.770316 0.891926 0.979804 0.979768 0.891862 0.770315 0.661559 0.467072 0.277031 0.125512 0.0419081 0.010569 0.00203147 0.000245152 -7.52918e-05 
4.5 -67.6571 800 -65.8352 -6.36714e-05 0.000365146 0.00275329 0.0135075 0.0507388 0.14387 0.302184 0.491755 0.68043 0.777562 0.899552 0.987218 0.987186 0.899495 0.777589 0.680466 0.491928 0.302188 0.143892 0.0507449 0.0135118 0.00275283 0.000360677 -6.76525e-05 
4.6 -67.6571 800 -65.8352 -4.27555e-05 0.000525828 0.00365931 0.0170519 0.0608007 0.163435 0.327477 0.516078 0.697474 0.784273 0.906238 0.992579 0.992552 0.906191 0.784326 0.697498 0.516235 0.327476 0.163464 0.0608042 0.0170542 0.00365804 0.000520192 -4.73843e-05 
4.7 -67.6571 800 -65.8352 -6.76541e-06 0.000746548 0.00479135 0.0212797 0.0721291 0.184045 0.35276 0.539777 0.712515 0.790422 0.911708 0.996984 0.996964 0.91167 0.790496 0.712526 0.539911 0.352755 0.184081 0.0721295 0.0212789 0.00478928 0.000739893 -1.14666e-05 
4.8 -67.6571 800 -65.8353 4.71312e-05 0.00104582 0.00619843 0.0262757 0.0847455 0.205538 0.377916 0.562736 0.725489 0.795946 0.915938 1.00147 1.00146 0.915907 0.796034 0.725488 0.562842 0.37791 0.205583 0.0847424 0.026271 0.0061953 0.00103843 4.29111e-05 
4.9 -67.6571 800 -65.8353 0.000121742 0.00144428 0.00793603 0.0321245 0.0986477 0.227743 0.40285 0.584804 0.736413 0.800778 0.919181 1.00682 1.00682 0.919154 0.80087 0.736398 0.584878 0.402846 0.227797 0.0986412 0.0321156 0.00793137 0.00143659 0.000118348 
5 -67.6571 800 -65.8354 0.000219961 0.00196463 0.0100652 0.0389077 0.113808 0.250493 0.427483 0.605803 0.745389 0.804874 0.921945 1.01344 1.01344 0.921921 0.804962 0.745362 0.605846 0.427482 0.250553 0.113798 0.0388946 0.0100587 0.00195721 0.000217428 
5.1 -67.6571 800 -65.8354 0.000344909 0.00263174 0.0126518 0.0467002 0.130172 0.273625 0.451742 0.625544 0.752603 0.808247 0.924925 1.02128 1.02129 0.924903 0.808321 0.752564 0.625558 0.451745 0.273691 0.13016 0.0466835 0.0126434 0.00262511 0.000342951 
5.2 -67.6571 800 -65.8354 0.000500182 0.00347311 0.015765 0.0555662 0.14766 0.296996 0.475551 0.643843 0.758314 0.810983 0.928892 1.02996 1.02997 0.928873 0.811039 0.758265 0.643834 0.475558 0.297065 0.147647 0.0555471 0.0157546 0.0034676 0.000498303 
5.3 -67.6571 800 -65.8355 0.000690183 0.00451947 0.0194757 0.0655552 0.166173 0.320479 0.498822 0.660544 0.762833 0.813251 0.93456 1.03883 1.03884 0.934544 0.813286 0.762779 0.66052 0.498835 0.320547 0.166158 0.0655352 0.0194634 0.00451517 0.000687857 
5.4 -67.6571 800 -65.8355 0.000920524 0.00580542 0.0238556 0.0766986 0.18559 0.343966 0.521454 0.675539 0.766502 0.815297 0.942451 1.0472 1.04719 0.942436 0.815313 0.766446 0.675506 0.521471 0.34403 0.185573 0.0766799 0.0238413 0.00580224 0.000917438 
5.5 -67.6571 800 -65.8356 0.00119854 0.00736996 0.028975 0.0890074 0.205778 0.36737 0.543322 0.688776 0.76966 0.817424 0.952794 1.05443 1.05442 0.952778 0.817425 0.769608 0.688744 0.543345 0.367426 0.205759 0.0889917 0.0289588 0.00736767 0.00119476 
5.6 -67.6571 800 -65.8357 0.00153375 0.00925677 0.0349011 0.10247 0.226599 0.390615 0.564289 0.700277 0.77262 0.819958 0.965477 1.06015 1.06012 0.965457 0.819949 0.772576 0.700252 0.564317 0.390661 0.226576 0.102458 0.0348833 0.00925474 0.0015297 
5.7 -67.6571 800 -65.8357 0.00193823 0.0115137 0.0416957 0.11705 0.247913 0.413636 0.584205 0.71013 0.775643 0.823208 0.980068 1.06424 1.06419 0.980041 0.823193 0.775611 0.710118 0.584239 0.413669 0.247885 0.117044 0.0416766 0.0115109 0.00193458 
5.8 -67.6571 800 -65.8358 0.00242684 0.0141924 0.0494123 0.132691 0.269584 0.436367 0.602928 0.718487 0.778919 0.827424 0.995879 1.06691 1.06684 0.995842 0.827406 0.778902 0.718493 0.602967 0.436388 0.269552 0.13269 0.0493924 0.0141875 0.00242426 
5.9 -67.6571 800 -65.8358 0.00301719 0.0173473 0.0580933 0.149312 0.291488 0.45874 0.620326 0.725545 0.782565 0.832765 1.01207 1.06864 1.06855 1.01202 0.832744 0.782563 0.725571 0.62037 0.45875 0.291454 0.149314 0.0580732 0.0173385 0.00301613 
6 -67.6571 800 -65.8359 0.00372946 0.0210341 0.0677677 0.166815 0.313514 0.480675 0.6363 0.731528 0.786625 0.839278 1.02777 1.07006 1.06994 1.02771 0.839254 0.786635 0.731575 0.636347 0.480674 0.31348 0.166819 0.0677477 0.02102 0.00373002 
6.1 -67.6571 800 -65.836 0.00458618 0.0253088 0.0784487 0.18509 0.335563 0.502076 0.650788 0.736667 0.791083 0.846898 1.04218 1.07179 1.07165 1.0421 0.846867 0.791103 0.736732 0.650837 0.502066 0.335534 0.185093 0.0784284 0.0252888 0.00458802 
6.2 -67.6571 800 -65.836 0.00561172 0.0302262 0.0901315 0.204015 0.357551 0.522832 0.663779 0.741175 0.795886 0.855457 1.05463 1.07433 1.07418 1.05455 0.855418 0.79591 0.741255 0.663826 0.522815 0.35753 0.204017 0.0901105 0.0302005 0.00561416 
6.3 -67.6571 800 -65.8361 0.0068319 0.0358373 0.102794 0.223468 0.379402 0.542821 0.675309 0.745234 0.800967 0.864716 1.06469 1.07796 1.0778 1.06459 0.864666 0.800988 0.745324 0.675351 0.542796 0.379392 0.223467 0.102771 0.0358075 0.00683411 
6.4 -67.6571 800 -65.8362 0.00827336 0.0421874 0.116394 0.243327 0.401047 0.56191 0.685465 0.748981 0.806268 0.874392 1.07214 1.08267 1.08251 1.07202 0.874333 0.806278 0.749077 0.685498 0.56188 0.401048 0.243323 0.116368 0.0421559 0.00827451 
6.5 -67.6571 800 -65.8363 0.00996299 0.0493136 0.130874 0.263476 0.422415 0.579969 0.69437 0.752512 0.811756 0.884205 1.07699 1.08826 1.0881 1.07685 0.88414 0.811751 0.752607 0.69439 0.579935 0.422426 0.263469 0.130844 0.0492831 0.00996239 
6.6 -67.6571 800 -65.8364 0.0119271 0.0572421 0.146157 0.283809 0.443435 0.59688 0.702175 0.755878 0.817439 0.893904 1.07947 1.09436 1.09421 1.07931 0.893841 0.817412 0.755968 0.70218 0.596843 0.443452 0.283798 0.146125 0.057215 0.0119243 
6.7 -67.6571 800 -65.8365 0.0141909 0.065986 0.162156 0.304229 0.464025 0.612543 0.709043 0.759103 0.82336 0.903299 1.07997 1.1006 1.10047 1.07978 0.903247 0.823308 0.759183 0.709034 0.612504 0.464043 0.304214 0.162121 0.0659636 0.0141855 
6.8 -67.6571 800 -65.8366 0.0167771 0.0755428 0.178769 0.324651 0.484094 0.626889 0.715139 0.762197 0.829586 0.912272 1.07899 1.10671 1.1066 1.07877 0.912242 0.829508 0.762263 0.715114 0.62685 0.484111 0.324633 0.178734 0.0755254 0.016769 
6.9 -67.6571 800 -65.8367 0.0197057 0.0858932 0.195892 0.345 0.503544 0.639889 0.720609 0.765176 0.836192 0.920779 1.07705 1.11252 1.11243 1.07681 0.920779 0.836087 0.765224 0.720571 0.639848 0.503556 0.344978 0.195858 0.0858797 0.0196947 
7 -67.6571 800 -65.8368 0.0229922 0.0970003 0.213415 0.365208 0.522268 0.651548 0.72558 0.768074 0.84323 0.928841 1.07465 1.11802 1.11796 1.0744 0.928872 0.843102 0.7681 0.72553 0.651508 0.522274 0.365182 0.213383 0.0969889 0.0229783 
7.1 -67.6571 800 -65.8369 0.0266464 0.10881 0.231232 0.385208 0.54016 0.661918 0.730148 0.770955 0.850713 0.936513 1.07224 1.12333 1.1233 1.07197 0.936569 0.850566 0.770959 0.730088 0.661878 0.54016 0.38518 0.231203 0.108799 0.0266298 
7.2 -67.6571 800 -65.837 0.0306713 0.121252 0.249242 0.404934 0.557117 0.671082 0.734382 0.77392 0.858592 0.943864 1.07016 1.12865 1.12865 1.0699 0.943933 0.858431 0.7739 0.734314 0.671044 0.557112 0.404905 0.249217 0.12124 0.0306525 
7.3 -67.6571 800 -65.8371 0.0350618 0.134244 0.26735 0.424313 0.573046 0.679155 0.738324 0.777098 0.866758 0.950943 1.06867 1.1342 1.13423 1.06843 0.951009 0.866589 0.777055 0.738248 0.67912 0.573038 0.424285 0.267328 0.13423 0.0350413 
7.4 -67.6571 800 -65.8372 0.0398036 0.147692 0.285467 0.443267 0.587874 0.686269 0.741997 0.780636 0.875045 0.957761 1.06796 1.14015 1.14021 1.06775 0.95781 0.874876 0.780572 0.741917 0.686239 0.587865 0.443241 0.28545 0.147677 0.0397825 
7.5 -67.6571 800 -65.8373 0.0448732 0.161496 0.303511 0.461709 0.601552 0.692564 0.745415 0.784684 0.883255 0.964279 1.06816 1.14656 1.14665 1.06798 0.964299 0.883095 0.784601 0.745336 0.692538 0.601542 0.461687 0.303499 0.161482 0.0448523 
7.6 -67.6571 800 -65.8375 0.0502376 0.175551 0.321407 0.479547 0.614056 0.698174 0.748599 0.789367 0.891185 0.970411 1.06931 1.15334 1.15344 1.06916 0.970394 0.89104 0.789268 0.748525 0.698152 0.614047 0.479529 0.321402 0.175539 0.0502179 
7.7 -67.6571 800 -65.8376 0.0558552 0.189754 0.339082 0.496685 0.625397 0.703219 0.751578 0.794769 0.898655 0.976032 1.0714 1.1602 1.16029 1.07129 0.975978 0.89853 0.794656 0.751517 0.703199 0.625389 0.496673 0.339086 0.189746 0.0558375 
7.8 -67.6571 800 -65.8377 0.0616775 0.204003 0.356469 0.51303 0.635614 0.707798 0.754405 0.800913 0.905532 0.980999 1.07434 1.16666 1.16673 1.07425 0.98091 0.905429 0.800789 0.754362 0.707779 0.635605 0.513023 0.356481 0.203998 0.0616624 
7.9 -67.6571 800 -65.8379 0.0676501 0.218201 0.373499 0.528494 0.644774 0.711986 0.757153 0.807752 0.911748 0.985169 1.07794 1.17218 1.17222 1.07787 0.985053 0.911667 0.807621 0.757133 0.711966 0.644762 0.528492 0.373519 0.218198 0.0676382 
