t=0 enPsi maxBondDim enPhi svn(x) 
0 -61.8396 796 -60.3419 1.80218 1.52949 1.73505 1.69319 1.77503 1.75357 1.80348 1.78134 1.81683 1.78967 1.81683 1.78134 1.80348 1.75358 1.77503 1.69319 1.73505 1.5295 1.80218 
0.1 -61.8396 754 -60.3419 -1.07919e-06 -9.55114e-06 -1.32765e-05 -1.50218e-05 -1.50473e-05 -1.50235e-05 -1.30693e-05 0.00213916 0.00553356 0.00573289 0.00200429 -1.29594e-05 -1.41344e-05 -1.56901e-05 -1.57624e-05 -1.51613e-05 -1.41664e-05 -9.69411e-06 -1.23381e-06 
0.2 -61.8396 754 -60.3419 -2.9257e-06 -1.99215e-05 -2.80096e-05 -3.14068e-05 -3.17467e-05 -2.64219e-05 1.55243e-06 0.0085765 0.0216375 0.02243 0.00803985 6.81286e-07 -2.66676e-05 -3.33264e-05 -3.26588e-05 -3.20059e-05 -2.92335e-05 -2.1108e-05 -3.39361e-06 
0.3 -61.8396 757 -60.3419 -5.4774e-06 -3.33903e-05 -4.62447e-05 -5.12771e-05 -5.12399e-05 -1.88599e-05 0.000120988 0.0192862 0.0469476 0.0487169 0.0180952 0.000118054 -2.32791e-05 -5.34915e-05 -5.25134e-05 -5.23432e-05 -4.78451e-05 -3.52642e-05 -6.15966e-06 
0.4 -61.8396 769 -60.3419 -8.73844e-06 -4.93479e-05 -6.77021e-05 -7.41746e-05 -7.27233e-05 3.43296e-05 0.000471287 0.0342225 0.0796836 0.0828031 0.0321451 0.000464352 1.93643e-05 -7.53543e-05 -7.49433e-05 -7.58191e-05 -6.97316e-05 -5.2164e-05 -9.70286e-06 
0.5 -61.8396 789 -60.3419 -1.27552e-05 -6.74795e-05 -9.23143e-05 -9.95764e-05 -9.485e-05 0.000172238 0.00122288 0.0533023 0.118008 0.122841 0.0501313 0.0012091 0.000135495 -9.75043e-05 -9.92764e-05 -0.000102047 -9.48054e-05 -7.12955e-05 -1.4059e-05 
0.6 -61.8396 800 -60.3419 -1.75853e-05 -8.75911e-05 -0.000119452 -0.000126829 -0.000115628 0.000447091 0.00258344 0.0763761 0.160246 0.167144 0.0719309 0.00255947 0.000371564 -0.000117139 -0.000125311 -0.000130767 -0.000122318 -9.22711e-05 -1.92708e-05 
0.7 -61.8396 800 -60.3419 -2.33093e-05 -0.000109866 -0.000149227 -0.000155097 -0.000130605 0.000926114 0.00478798 0.103194 0.205004 0.214291 0.097322 0.00475123 0.000786849 -0.000130511 -0.000152452 -0.000162116 -0.000152609 -0.000115145 -2.53597e-05 
0.8 -61.8396 800 -60.3419 -2.97165e-05 -0.0001335 -0.000181065 -0.000182608 -0.000132809 0.0016931 0.00808729 0.13338 0.251207 0.263161 0.125958 0.00803804 0.00145625 -0.000130599 -0.000179279 -0.000195702 -0.000184983 -0.00013926 -3.2156e-05 
0.9 -61.8396 800 -60.3419 -3.67174e-05 -0.000158329 -0.000214171 -0.000206489 -0.00011098 0.00284933 0.0127346 0.166422 0.298082 0.31291 0.157361 0.0126787 0.00247067 -0.000106736 -0.000203042 -0.000230612 -0.000218846 -0.000164449 -3.95232e-05 
1 -61.8396 800 -60.3419 -4.41237e-05 -0.000183655 -0.000247449 -0.000222761 -5.00708e-05 0.00451296 0.018972 0.201683 0.345105 0.362902 0.19093 0.0189238 0.00393748 -4.37149e-05 -0.00022031 -0.000266161 -0.000253004 -0.00019015 -4.72629e-05 
1.1 -61.8396 800 -60.3419 -5.17524e-05 -0.000208854 -0.000279547 -0.000225566 7.11863e-05 0.00681939 0.0270172 0.23844 0.391926 0.41264 0.22598 0.0270009 0.00597923 7.88682e-05 -0.000226491 -0.000301516 -0.000286682 -0.000215696 -5.5131e-05 
1.2 -61.8396 800 -60.3419 -5.94295e-05 -0.000233093 -0.00030908 -0.00020721 0.000280637 0.00991786 0.03705 0.275928 0.438293 0.461698 0.26178 0.037102 0.00873219 0.000288529 -0.000215152 -0.000335169 -0.000318472 -0.000240342 -6.29066e-05 
1.3 -61.8396 800 -60.3419 -6.70037e-05 -0.00025563 -0.000334694 -0.000157715 0.000613838 0.0139678 0.0492005 0.3134 0.484006 0.50969 0.297619 0.0493726 0.0123426 0.000620676 -0.000178026 -0.000365913 -0.000347681 -0.000263614 -7.04628e-05 
1.4 -61.8396 800 -60.3419 -7.44126e-05 -0.000275952 -0.000355013 -6.40495e-05 0.00111524 0.019133 0.0635404 0.350193 0.528872 0.556249 0.332857 0.0639033 0.016962 0.00111986 -0.000104553 -0.000392229 -0.000373761 -0.000285043 -7.77135e-05 
1.5 -61.8396 800 -60.3419 -8.15387e-05 -0.000293098 -0.000368151 9.04808e-05 0.00183929 0.0255757 0.0800793 0.385775 0.572669 0.601018 0.366981 0.0807264 0.0227409 0.00184101 1.88914e-05 -0.000412014 -0.000396258 -0.00030425 -8.46184e-05 
1.6 -61.8396 800 -60.3419 -8.83175e-05 -0.000306273 -0.000371944 0.000326869 0.00285113 0.033449 0.0987655 0.419797 0.615115 0.643631 0.399643 0.0998153 0.0298219 0.00285025 0.000209377 -0.000422528 -0.00041469 -0.00032084 -9.11459e-05 
1.7 -61.8396 800 -60.3419 -9.46558e-05 -0.000314502 -0.000363619 0.000671171 0.00422698 0.0428884 0.119492 0.452111 0.655854 0.683722 0.430688 0.121088 0.0383314 0.00422546 0.000487976 -0.000420313 -0.000428937 -0.000334679 -9.72812e-05 
1.8 -61.8396 800 -60.3419 -0.000100434 -0.000316625 -0.000339535 0.00115536 0.00605402 0.0540038 0.142108 0.482772 0.694467 0.720927 0.460151 0.144417 0.0483726 0.00605643 0.000880486 -0.000400737 -0.00043888 -0.00034574 -0.000102979 
1.9 -61.8396 800 -60.3419 -0.000105472 -0.000311123 -0.000294772 0.00181815 0.00842965 0.0668721 0.166433 0.51202 0.7305 0.754924 0.488243 0.169636 0.060019 0.00844472 0.00141835 -0.000357434 -0.000444212 -0.000354004 -0.000108125 
2 -61.8396 800 -60.3419 -0.000109532 -0.000295932 -0.000222669 0.00270578 0.0114602 0.0815316 0.192273 0.540228 0.763529 0.785463 0.515307 0.196559 0.0733094 0.0115025 0.0021393 -0.000281973 -0.000444354 -0.000359597 -0.000112595 
2.1 -61.8396 800 -60.3419 -0.000112329 -0.000268397 -0.000114445 0.00387257 0.0152592 0.0979795 0.219437 0.567838 0.793217 0.812419 0.541755 0.224989 0.0882457 0.0153504 0.00308797 -0.000163506 -0.000438192 -0.000362486 -0.0001162 
2.2 -61.8396 800 -60.3419 -0.000113511 -0.000225037 4.14441e-05 0.00538136 0.0199445 0.116171 0.247752 0.595291 0.819378 0.835818 0.568004 0.254731 0.104793 0.0201151 0.00431662 1.19608e-05 -0.000423744 -0.000362569 -0.000118733 
2.3 -61.8396 800 -60.3419 -0.000112607 -0.000161126 0.000260011 0.00730356 0.0256345 0.136022 0.27707 0.622951 0.842015 0.85586 0.594406 0.2856 0.122881 0.0259253 0.00588535 0.000261849 -0.000397925 -0.000359509 -0.000119953 
2.4 -61.8396 800 -60.3419 -0.000109079 -7.07754e-05 0.000560198 0.00971896 0.0324441 0.157416 0.307274 0.651051 0.861341 0.872911 0.621197 0.317423 0.142412 0.0329079 0.00786214 0.000607754 -0.000356203 -0.000352866 -0.000119629 
2.5 -61.8396 800 -60.3419 -0.000102205 5.36786e-05 0.000965583 0.012715 0.0404802 0.180214 0.338265 0.679663 0.877765 0.887477 0.648467 0.350035 0.163266 0.0411834 0.0103225 0.00107599 -0.000292264 -0.00034168 -0.000117471 
2.6 -61.8396 800 -60.342 -9.11208e-05 0.000221861 0.00150495 0.0163853 0.049837 0.204261 0.369958 0.70869 0.891843 0.900156 0.676151 0.383275 0.185309 0.0508605 0.0133485 0.00169815 -0.000197803 -0.000324759 -0.0001132 
2.7 -61.8396 800 -60.342 -7.47485e-05 0.000445783 0.00221284 0.020828 0.0605919 0.2294 0.402259 0.737889 0.904203 0.911572 0.704044 0.416968 0.208403 0.0620325 0.0170277 0.00251161 -6.22155e-05 -0.00030041 -0.000106505 
2.8 -61.8396 800 -60.342 -5.17811e-05 0.000740317 0.00312999 0.0261434 0.0728018 0.255482 0.435047 0.76691 0.915465 0.922302 0.731838 0.450924 0.232415 0.074773 0.0214514 0.00356017 0.000127801 -0.000266344 -9.70456e-05 
2.9 -61.8396 800 -60.3421 -2.06766e-05 0.0011236 0.0043035 0.0324316 0.0865012 0.28237 0.468165 0.795338 0.926163 0.932823 0.759159 0.484924 0.257225 0.0891326 0.0267122 0.00489446 0.000388339 -0.000219416 -8.44145e-05 
3 -61.8396 800 -60.3421 2.03675e-05 0.00161765 0.00578657 0.0397894 0.1017 0.309948 0.501408 0.822742 0.936697 0.943482 0.78561 0.518723 0.282728 0.105136 0.0329012 0.00657237 0.000738467 -0.000155296 -6.81332e-05 
3.1 -61.8396 800 -60.3421 7.34521e-05 0.00224893 0.00763828 0.0483069 0.118384 0.338117 0.534529 0.848714 0.947317 0.954488 0.810811 0.552055 0.308834 0.122783 0.0401049 0.00865941 0.0012003 -6.82071e-05 -4.76441e-05 
3.2 -61.8396 800 -60.3422 0.000141009 0.00304867 0.00992272 0.0580648 0.136517 0.366796 0.567245 0.872906 0.958137 0.965933 0.834428 0.584642 0.33547 0.142043 0.0484022 0.0112287 0.00179915 4.94683e-05 -2.22966e-05 
3.3 -61.8396 800 -60.3422 0.000225892 0.00405321 0.012708 0.0691312 0.156041 0.395913 0.599257 0.895052 0.96916 0.977814 0.856201 0.61621 0.362568 0.162864 0.0578609 0.0143605 0.0025636 0.000207306 8.64716e-06 
3.4 -61.8396 800 -60.3423 0.000331472 0.00530426 0.0160651 0.0815592 0.176881 0.425399 0.630267 0.914986 0.980321 0.990068 0.875954 0.646503 0.390066 0.185166 0.0685352 0.0181416 0.00352578 0.000417262 4.60769e-05 
3.5 -61.8396 800 -60.3424 0.000461718 0.00684897 0.0200665 0.0953849 0.198948 0.455179 0.659996 0.932649 0.991515 1.00259 0.893604 0.675299 0.417894 0.20885 0.0804634 0.022664 0.0047216 0.00069371 9.10254e-05 
3.6 -61.8396 800 -60.3424 0.000621303 0.00874006 0.0247845 0.110626 0.222141 0.485165 0.688205 0.948088 1.00263 1.01528 0.90916 0.702424 0.445973 0.233796 0.0936667 0.0280227 0.00619102 0.00105391 0.000144824 
3.7 -61.8396 800 -60.3425 0.000815674 0.0110357 0.0302889 0.12728 0.246351 0.515251 0.714704 0.961449 1.01359 1.02802 0.922717 0.727759 0.474207 0.259866 0.108149 0.0343135 0.00797818 0.00151811 0.000209115 
3.8 -61.8396 800 -60.3426 0.00105104 0.0137993 0.0366455 0.145327 0.271459 0.545311 0.739368 0.972956 1.02431 1.0407 0.934441 0.751248 0.502486 0.286908 0.123895 0.0416304 0.0101313 0.00211013 0.000286019 
3.9 -61.8396 800 -60.3427 0.00133439 0.017099 0.0439135 0.164724 0.297342 0.575198 0.762138 0.982896 1.03478 1.05323 0.944556 0.772898 0.530679 0.314757 0.140875 0.0500625 0.0127028 0.00285782 0.000378219 
