time en(t) en(t)-en0 svN(t) localEn(t) localEn(t)-localEn0 SzSz(t) Sperp(t)
0 -43.498 -34.5825 0.0251207 -0.727489 -0.57551 -0.575684 -0.575682 -0.575691 -0.574652 -0.758647 0.454671 0.203759 0.24008 0.225808 0.240074 0.204617 0.423513 0.245501 -0.245501 -0.244821 0.244821 0.244896 -0.244899 -0.246594 0.244901 1 -0.246607 -0.246592 0.244905 0.244811 -0.24293 -0.243195 0.241304 1.96091e-05 -4.40832e-05 -0.000266045 7.06197e-05 0.00345106 -0.000847845 -0.0823258 0.00684336 1 -0.0826345 -0.0823261 0.00684588 0.00345307 -0.000845618 -0.000165362 0.000151009 
0.1 -43.497 -34.5815 0.025122 -0.727489 -0.57551 -0.575687 -0.575685 -0.575692 -0.574653 -0.758646 0.454671 0.203759 0.240078 0.225805 0.240073 0.204617 0.423514 0.245501 -0.245501 -0.244821 0.244821 0.244896 -0.244899 -0.246594 0.244901 1 -0.246607 -0.246592 0.244905 0.244811 -0.24293 -0.243195 0.241304 6.85546e-06 -3.67304e-06 -0.000148212 5.87545e-05 0.00344664 -0.000848501 -0.0823297 0.00684389 1 -0.0826367 -0.0823284 0.00684595 0.00344829 -0.00084582 -0.000165157 0.000150951 
0.2 -43.4892 -34.5737 0.0251386 -0.727489 -0.575513 -0.575708 -0.575718 -0.575705 -0.574651 -0.758647 0.454671 0.203756 0.240057 0.225772 0.24006 0.204619 0.423513 0.2455 -0.2455 -0.244819 0.244819 0.244893 -0.244896 -0.246592 0.244897 1 -0.246606 -0.246591 0.244903 0.244809 -0.242928 -0.243193 0.241302 6.85726e-06 -3.6702e-06 -0.00014827 5.87048e-05 0.00344924 -0.000847889 -0.0823724 0.00684904 1 -0.0826579 -0.0823476 0.00684735 0.003449 -0.000845608 -0.000165171 0.000150941 
0.3 -43.4319 -34.5165 0.0252625 -0.727487 -0.575538 -0.57587 -0.575958 -0.575804 -0.574646 -0.758647 0.454673 0.203731 0.239895 0.225532 0.239961 0.204624 0.423513 0.245487 -0.245487 -0.244806 0.244802 0.244874 -0.24487 -0.246576 0.244868 1 -0.246593 -0.246581 0.24489 0.244797 -0.242916 -0.24318 0.24129 6.89523e-06 -3.69035e-06 -0.000149098 5.90374e-05 0.00346872 -0.000852065 -0.0826831 0.00688786 1 -0.0828141 -0.0825026 0.00686036 0.00345546 -0.000846892 -0.000165482 0.000151188 
0.4 -43.0288 -34.1133 0.0261464 -0.727476 -0.575707 -0.576998 -0.577619 -0.576495 -0.574611 -0.758647 0.454684 0.203562 0.238767 0.223871 0.23927 0.204658 0.423513 0.245394 -0.245394 -0.244714 0.244687 0.244736 -0.244686 -0.24646 0.244661 1 -0.246501 -0.246512 0.244798 0.244704 -0.242824 -0.243089 0.241199 7.17143e-06 -3.85077e-06 -0.000155047 6.17062e-05 0.00360832 -0.000883633 -0.0848374 0.00716614 1 -0.0839086 -0.0835919 0.00695142 0.0035011 -0.000856319 -0.000167651 0.000153043 
0.5 -40.8373 -31.9218 0.0314571 -0.72741 -0.576563 -0.582736 -0.585836 -0.580159 -0.574399 -0.758647 0.45475 0.202706 0.233029 0.215654 0.235606 0.204871 0.423513 0.244829 -0.244829 -0.24415 0.243987 0.243895 -0.24356 -0.245758 0.243385 1 -0.245939 -0.246084 0.244235 0.24414 -0.242265 -0.242529 0.240643 8.79963e-06 -4.80439e-06 -0.000189986 7.78171e-05 0.00443754 -0.00104023 -0.0956796 0.0088748 1 -0.0898532 -0.089498 0.00744513 0.00374812 -0.000904225 -0.000179314 0.000162917 
0.6 -36.2767 -27.3612 0.0494973 -0.727191 -0.578321 -0.594463 -0.600246 -0.589119 -0.573677 -0.75865 0.454969 0.200948 0.221302 0.201245 0.226646 0.205593 0.42351 0.242798 -0.242799 -0.242125 0.241504 0.240941 -0.239542 -0.243276 0.238752 1 -0.243931 -0.244522 0.242211 0.242115 -0.240256 -0.240518 0.238648 1.42942e-05 -8.42707e-06 -0.000304051 0.00014278 0.00716773 -0.00134648 -0.116349 0.0150829 1 -0.105618 -0.105119 0.00875921 0.00440179 -0.00103079 -0.00021021 0.000189096 
0.7 -34.1042 -25.1887 0.0838699 -0.726807 -0.580416 -0.608253 -0.614821 -0.60204 -0.572352 -0.758659 0.455353 0.198854 0.207512 0.186669 0.213725 0.206917 0.423501 0.238564 -0.238567 -0.2379 0.236458 0.235027 -0.231279 -0.238268 0.228924 1 -0.239788 -0.241152 0.237992 0.237893 -0.236068 -0.236324 0.234487 2.53351e-05 -1.75365e-05 -0.000510513 0.000318473 0.0121709 -0.00165844 -0.141243 0.0282468 1 -0.130923 -0.129998 0.0108944 0.00544921 -0.00130461 -0.000260851 0.000236573 
0.8 -33.6577 -24.7423 0.128462 -0.726436 -0.582142 -0.620233 -0.632429 -0.613914 -0.570972 -0.758672 0.455724 0.197127 0.195532 0.169062 0.201851 0.208297 0.423488 0.232555 -0.232558 -0.231897 0.229588 0.227184 -0.219832 -0.231542 0.214624 1 -0.234002 -0.236102 0.231998 0.231899 -0.230124 -0.230373 0.228582 4.14756e-05 -3.43268e-05 -0.000743765 0.000653261 0.0179198 -0.00209706 -0.174907 0.0474021 1 -0.158603 -0.156593 0.0133129 0.00659631 -0.00182703 -0.000320102 0.000305721 
0.9 -33.2072 -24.2917 0.175449 -0.726386 -0.58288 -0.624448 -0.653814 -0.617824 -0.57074 -0.758655 0.455774 0.196389 0.191317 0.147677 0.197941 0.20853 0.423505 0.22575 -0.225734 -0.225062 0.222222 0.219128 -0.207294 -0.224502 0.197829 1 -0.227557 -0.229913 0.22517 0.225094 -0.223391 -0.223634 0.221895 6.23964e-05 -5.94165e-05 -0.000930434 0.00116165 0.0226009 -0.00307276 -0.21853 0.0699572 1 -0.17789 -0.173634 0.0152936 0.00745109 -0.00255906 -0.000371831 0.000383007 
1 -31.0507 -22.1352 0.221601 -0.727204 -0.585158 -0.620513 -0.678048 -0.613862 -0.574401 -0.758449 0.454956 0.194111 0.195252 0.123443 0.201903 0.204868 0.423711 0.218512 -0.218365 -0.217598 0.214548 0.211147 -0.194472 -0.217532 0.179691 1 -0.220727 -0.222756 0.217707 0.217761 -0.21623 -0.216467 0.214782 9.04968e-05 -8.8726e-05 -0.00115408 0.00202042 0.0284386 -0.00543712 -0.270029 0.0944496 1 -0.187323 -0.179662 0.0174663 0.00830093 -0.0032564 -0.000427287 0.000451216 
1.1 -26.5798 -17.6643 0.269826 -0.728903 -0.592608 -0.615079 -0.703233 -0.609882 -0.584165 -0.75772 0.453257 0.186662 0.200686 0.098257 0.205883 0.195104 0.42444 0.209939 -0.209363 -0.208257 0.204764 0.201 -0.17998 -0.209325 0.160006 1 -0.21261 -0.214014 0.208377 0.208831 -0.207746 -0.207975 0.206354 0.000122262 -0.000163751 -0.00154799 0.00404454 0.0421481 -0.0104514 -0.325771 0.121167 1 -0.196823 -0.186121 0.0226658 0.0105712 -0.00363534 -0.000541093 0.000517694 
1.2 -24.4459 -15.5304 0.322905 -0.730834 -0.603882 -0.610748 -0.725856 -0.60832 -0.598653 -0.756373 0.451326 0.175387 0.205017 0.0756343 0.207445 0.180616 0.425787 0.199041 -0.19771 -0.196025 0.191366 0.186573 -0.162585 -0.198758 0.139068 1 -0.20262 -0.203352 0.196203 0.197302 -0.196962 -0.197181 0.19564 0.000201384 0.000148921 -0.00374434 0.00767762 0.0620783 -0.0193638 -0.381313 0.149644 1 -0.210356 -0.197987 0.032205 0.0149607 -0.00363178 -0.00073642 0.0006267 
1.3 -24.0047 -15.0893 0.378952 -0.732492 -0.614801 -0.610069 -0.74454 -0.610194 -0.61304 -0.754946 0.449668 0.164468 0.205696 0.0569502 0.205571 0.166229 0.427214 0.185843 -0.183723 -0.181514 0.175013 0.168207 -0.143032 -0.186266 0.118556 1 -0.19151 -0.191565 0.181842 0.183494 -0.183905 -0.184112 0.18267 0.000398893 -0.000181529 -0.00784676 0.0131468 0.0849238 -0.0330255 -0.432335 0.177609 1 -0.229711 -0.217034 0.0431383 0.0203087 -0.00349386 -0.000970697 0.000856392 
1.4 -23.5547 -14.6393 0.434652 -0.733706 -0.61907 -0.614487 -0.759002 -0.614698 -0.62052 -0.75463 0.448454 0.160199 0.201278 0.0424882 0.201067 0.158749 0.42753 0.170926 -0.168332 -0.165945 0.157273 0.147516 -0.122958 -0.173023 0.100423 1 -0.180507 -0.179767 0.166548 0.168315 -0.169152 -0.169357 0.168041 0.000792827 -0.00168376 -0.0137049 0.0206155 0.108785 -0.0518033 -0.475322 0.202531 1 -0.254523 -0.24273 0.0518155 0.0248734 -0.00365396 -0.00120123 0.00128483 
1.5 -21.4009 -12.4854 0.487544 -0.738023 -0.615666 -0.623949 -0.769191 -0.621046 -0.62085 -0.758161 0.444137 0.163604 0.191816 0.0322997 0.194719 0.158419 0.423999 0.154899 -0.152224 -0.149939 0.139202 0.126107 -0.10394 -0.160238 0.0861244 1 -0.170475 -0.168407 0.150954 0.152372 -0.153324 -0.153591 0.152479 0.00142054 -0.0037931 -0.0201306 0.0299829 0.132036 -0.0755944 -0.50785 0.222644 1 -0.28335 -0.273145 0.0609268 0.0296455 -0.00462653 -0.00149567 0.00195035 
1.6 -16.9399 -8.02442 0.536179 -0.749709 -0.609896 -0.637322 -0.77514 -0.629106 -0.620995 -0.76765 0.432451 0.169373 0.178443 0.0263502 0.186659 0.158274 0.41451 0.138265 -0.13559 -0.133283 0.120961 0.105193 -0.0871888 -0.1489 0.0763771 1 -0.161699 -0.157089 0.134882 0.135759 -0.136959 -0.137435 0.136707 0.00246604 -0.00576682 -0.0265633 0.0410251 0.153038 -0.10366 -0.528624 0.237226 1 -0.314585 -0.305765 0.0795988 0.0385493 -0.00722697 -0.00229192 0.00286753 
1.7 -14.8148 -5.89935 0.579872 -0.767319 -0.60402 -0.653247 -0.777123 -0.637627 -0.622945 -0.781841 0.414841 0.17525 0.162518 0.0243673 0.178137 0.156325 0.400319 0.121705 -0.118795 -0.116077 0.102777 0.0859325 -0.0734713 -0.139661 0.0711413 1 -0.154357 -0.145633 0.118552 0.118866 -0.120789 -0.121567 0.121377 0.00400353 -0.00788511 -0.033971 0.0532337 0.170291 -0.134368 -0.537499 0.246533 1 -0.346623 -0.337902 0.104828 0.0502988 -0.0121616 -0.00332473 0.00395807 
1.8 -14.39 -5.47451 0.618482 -0.786403 -0.600679 -0.670635 -0.775792 -0.646504 -0.627616 -0.796592 0.395757 0.17859 0.14513 0.0256984 0.16926 0.151653 0.385568 0.106145 -0.102668 -0.0992733 0.0854717 0.06953 -0.0631241 -0.132797 0.0697479 1 -0.14875 -0.134572 0.103046 0.10271 -0.105764 -0.106725 0.107022 0.00635734 -0.0104353 -0.0431946 0.0658421 0.182678 -0.165269 -0.535536 0.251552 1 -0.378013 -0.367109 0.131885 0.0630848 -0.0194013 -0.00584287 0.00522367 
1.9 -14.042 -5.12654 0.652222 -0.798872 -0.601283 -0.688518 -0.772046 -0.655848 -0.634154 -0.805733 0.383288 0.177986 0.127247 0.0294447 0.159917 0.145116 0.376427 0.0923325 -0.0879868 -0.0839399 0.0699088 0.0568939 -0.0561549 -0.128224 0.0711279 1 -0.145053 -0.124639 0.0895237 0.0882536 -0.0925838 -0.0934564 0.0939981 0.00926116 -0.0137347 -0.0536974 0.0778429 0.189638 -0.193441 -0.524852 0.253648 1 -0.407624 -0.391514 0.158326 0.0761237 -0.0279247 -0.00946074 0.00654375 
2 -12.4413 -3.52586 0.681586 -0.800801 -0.605758 -0.70597 -0.766886 -0.665511 -0.641714 -0.808932 0.381359 0.173511 0.109795 0.034604 0.150253 0.137555 0.373228 0.0804603 -0.0751461 -0.0706647 0.056659 0.0484239 -0.052343 -0.1256 0.0740782 1 -0.143207 -0.11643 0.0787005 0.0758648 -0.0812992 -0.0818867 0.0823894 0.0128623 -0.017841 -0.0659804 0.0884146 0.191395 -0.216042 -0.508281 0.254229 1 -0.434677 -0.40995 0.182362 0.0889557 -0.0363838 -0.0134676 0.00784082 
2.1 -9.13743 -0.221956 0.707245 -0.79452 -0.612993 -0.722117 -0.76126 -0.6751 -0.64988 -0.809309 0.38764 0.166277 0.0936483 0.0402307 0.140665 0.129389 0.372851 0.0701201 -0.0640828 -0.0595719 0.0460351 0.0440444 -0.0513491 -0.124436 0.0774958 1 -0.142945 -0.110321 0.070794 0.0653195 -0.0713672 -0.0717103 0.0719744 0.0174408 -0.022947 -0.0796542 0.0967795 0.188408 -0.230696 -0.488849 0.254468 1 -0.458666 -0.421943 0.202568 0.101269 -0.0449014 -0.0175074 0.00935789 
2.2 -7.57372 1.34175 0.729907 -0.782782 -0.621808 -0.736178 -0.755981 -0.684211 -0.656967 -0.80546 0.399378 0.157461 0.0795866 0.0455094 0.131554 0.122302 0.3767 0.0609047 -0.0546042 -0.0505465 0.0380443 0.0432543 -0.0527309 -0.124213 0.0805407 1 -0.143869 -0.106453 0.0657865 0.056389 -0.0624283 -0.0626275 0.0625525 0.0226631 -0.029149 -0.0939204 0.102835 0.182004 -0.236207 -0.469401 0.255066 1 -0.479269 -0.427651 0.217955 0.112881 -0.0538874 -0.0217358 0.0115518 
2.3 -7.29364 1.62183 0.750277 -0.769985 -0.63152 -0.74757 -0.751628 -0.692629 -0.66257 -0.800514 0.412175 0.14775 0.0681949 0.0498622 0.123136 0.116699 0.381646 0.0526769 -0.0465642 -0.0434105 0.0324197 0.0452598 -0.0559264 -0.124469 0.0827005 1 -0.145521 -0.104737 0.0635243 0.0490726 -0.0545366 -0.0545825 0.0540931 0.0280369 -0.0363742 -0.10761 0.106768 0.173491 -0.232548 -0.452172 0.256289 1 -0.49632 -0.427853 0.228111 0.123662 -0.0632694 -0.0262269 0.0145678 
2.4 -7.25558 1.65989 0.769002 -0.75811 -0.641685 -0.755941 -0.748524 -0.700259 -0.66665 -0.796343 0.424051 0.137584 0.0598237 0.0529666 0.115506 0.112619 0.385817 0.0454061 -0.0398466 -0.038074 0.0289393 0.0490823 -0.0602822 -0.124854 0.083776 1 -0.147447 -0.104893 0.0636328 0.043351 -0.0478203 -0.0475327 0.046563 0.0332607 -0.0443234 -0.119317 0.108732 0.164282 -0.220942 -0.438607 0.258028 1 -0.509809 -0.423839 0.233275 0.133566 -0.0726675 -0.030927 0.0186703 
2.5 -7.25071 1.66476 0.786584 -0.747673 -0.651936 -0.761193 -0.74674 -0.707047 -0.669152 -0.793353 0.434487 0.127333 0.0545721 0.05475 0.108718 0.110117 0.388807 0.0389807 -0.0342674 -0.0343334 0.0272536 0.0536966 -0.065029 -0.125161 0.083811 1 -0.149247 -0.106509 0.0655411 0.0391042 -0.0423278 -0.041372 0.0398592 0.0380924 -0.0525834 -0.127793 0.109031 0.155684 -0.203621 -0.429301 0.259947 1 -0.519869 -0.417188 0.234184 0.142525 -0.0814239 -0.0355799 0.0239807 
2.6 -7.25011 1.66536 0.803343 -0.73877 -0.661972 -0.763458 -0.746133 -0.712951 -0.670115 -0.791459 0.44339 0.117297 0.0523067 0.055357 0.102814 0.109155 0.390701 0.0332593 -0.029626 -0.0319579 0.0269811 0.0581565 -0.0693591 -0.125308 0.0830025 1 -0.15061 -0.109096 0.0685701 0.0361696 -0.0380712 -0.0359461 0.0338351 0.0421737 -0.0604159 -0.13194 0.107957 0.148741 -0.183413 -0.424084 0.261638 1 -0.52676 -0.409539 0.231968 0.150427 -0.0890611 -0.0399533 0.0305746 
2.7 -7.25003 1.66544 0.819442 -0.731359 -0.671565 -0.763059 -0.746392 -0.717915 -0.669705 -0.790388 0.450802 0.107705 0.0527061 0.0550984 0.0978494 0.109564 0.391772 0.0281331 -0.0257845 -0.0307257 0.0277613 0.0616945 -0.0725137 -0.125309 0.0816235 1 -0.151332 -0.112161 0.0720366 0.0343791 -0.0350452 -0.0311588 0.0284023 0.0456426 -0.0671906 -0.131253 0.105773 0.14418 -0.163237 -0.42221 0.262739 1 -0.530848 -0.402366 0.227921 0.157084 -0.0950604 -0.0438718 0.0383763 
2.8 -7.25003 1.66545 0.834943 -0.725331 -0.680561 -0.760463 -0.747101 -0.721873 -0.668211 -0.789775 0.456829 0.0987079 0.0553019 0.0543895 0.0938917 0.111058 0.392385 0.0235564 -0.0226518 -0.0304231 0.0292569 0.0637922 -0.0739253 -0.125234 0.0799606 1 -0.151322 -0.115261 0.0753323 0.0335916 -0.0332624 -0.0269216 0.0235121 0.0484888 -0.0722732 -0.125627 0.102461 0.142297 -0.145548 -0.422589 0.263015 1 -0.532563 -0.396805 0.223326 0.162174 -0.0990878 -0.0469026 0.0472198 
2.9 -7.25002 1.66545 0.849849 -0.720542 -0.688879 -0.756223 -0.747794 -0.724736 -0.666007 -0.789208 0.461618 0.0903898 0.0595417 0.0536966 0.0910287 0.113263 0.392952 0.019576 -0.0202116 -0.0308573 0.0311789 0.0642249 -0.073328 -0.12516 0.0782848 1 -0.150594 -0.118057 0.0780049 0.0337259 -0.0327344 -0.0233118 0.0192589 0.0508686 -0.0752158 -0.115752 0.098222 0.142981 -0.132033 -0.424007 0.262353 1 -0.532356 -0.393525 0.219252 0.165415 -0.100959 -0.048936 0.0570709 
3 -7.25002 1.66545 0.864117 -0.716833 -0.696489 -0.750918 -0.748016 -0.726429 -0.6635 -0.78828 0.465327 0.0827801 0.0648467 0.0534745 0.0893357 0.115769 0.39388 0.0163174 -0.0184812 -0.0318168 0.0332484 0.063042 -0.0708101 -0.125148 0.0768332 1 -0.149251 -0.120338 0.0798012 0.0347379 -0.0334951 -0.020477 0.0158372 0.0530079 -0.0756672 -0.102907 0.0931818 0.145814 -0.123422 -0.425331 0.260763 1 -0.530663 -0.392716 0.216465 0.166508 -0.100709 -0.0497467 0.0675192 
3.1 -7.25002 1.66545 0.877675 -0.71405 -0.703398 -0.745102 -0.747374 -0.726905 -0.661091 -0.786633 0.46811 0.0758717 0.0706629 0.0541166 0.0888597 0.118178 0.395527 0.0139638 -0.0175408 -0.0330783 0.0352506 0.0605188 -0.0667968 -0.125213 0.0757989 1 -0.147464 -0.122042 0.0806611 0.0366081 -0.035503 -0.0186273 0.0134633 0.0550922 -0.0736237 -0.0885557 0.0875143 0.150072 -0.119423 -0.425655 0.258335 1 -0.527861 -0.39411 0.215324 0.165294 -0.0985963 -0.0492657 0.0782258 
3.2 -7.25002 1.66545 0.890443 -0.712067 -0.709637 -0.739261 -0.745576 -0.72617 -0.659126 -0.783996 0.470093 0.0696319 0.0765039 0.0559141 0.0895953 0.120143 0.398164 0.0127213 -0.0174563 -0.0344307 0.0369948 0.0570921 -0.0619664 -0.125332 0.0753226 1 -0.145442 -0.123225 0.0807067 0.0393173 -0.0386784 -0.0180165 0.0123931 0.0573519 -0.0692505 -0.0747272 0.0816157 0.154889 -0.118934 -0.424382 0.255197 1 -0.524254 -0.3971 0.215839 0.161821 -0.095021 -0.0473434 0.0887052 
3.3 -7.25003 1.66545 0.902347 -0.710802 -0.71525 -0.733771 -0.742467 -0.724287 -0.657869 -0.780215 0.471358 0.0640189 0.0819942 0.0590236 0.0914775 0.121401 0.401945 0.0128146 -0.0183683 -0.0356539 0.0383627 0.053278 -0.0571265 -0.125448 0.0754813 1 -0.14341 -0.124044 0.0801947 0.0428067 -0.0428379 -0.0188799 0.012831 0.0598071 -0.0628866 -0.0631516 0.0760062 0.159329 -0.120348 -0.421251 0.251509 1 -0.520063 -0.400842 0.217672 0.15641 -0.0905981 -0.0441057 0.0985317 
3.4 -7.25003 1.66545 0.913335 -0.710225 -0.720282 -0.728892 -0.738035 -0.721395 -0.657478 -0.775267 0.471935 0.0589878 0.0868731 0.0634554 0.0943695 0.121792 0.406893 0.0143089 -0.020252 -0.0366135 0.0392549 0.0496106 -0.0530277 -0.125491 0.0762739 1 -0.141573 -0.124707 0.0794502 0.0469647 -0.0477192 -0.0214045 0.0149248 0.0623905 -0.0550685 -0.0552349 0.0712418 0.162553 -0.121948 -0.416294 0.247453 1 -0.515444 -0.404429 0.220276 0.149588 -0.0860107 -0.0397182 0.107209 
3.5 -7.25003 1.66545 0.92342 -0.710367 -0.724765 -0.724748 -0.73242 -0.717692 -0.658006 -0.769259 0.471793 0.0545045 0.0910173 0.0690698 0.0980725 0.121264 0.412901 0.0172349 -0.0230868 -0.0372684 0.0396628 0.04655 -0.0502585 -0.1254 0.0776271 1 -0.140106 -0.125426 0.0788054 0.0516187 -0.0529955 -0.0256473 0.0186901 0.064824 -0.0463889 -0.0517575 0.0677823 0.163879 -0.12221 -0.40978 0.243216 1 -0.510497 -0.407025 0.223015 0.14205 -0.0818967 -0.0343904 0.114214 
3.6 -7.25003 1.66545 0.932714 -0.711319 -0.728713 -0.721342 -0.725895 -0.71342 -0.659405 -0.762414 0.470841 0.0505558 0.0944231 0.0755954 0.102345 0.119864 0.419746 0.0214802 -0.0267848 -0.0376659 0.0396634 0.0444475 -0.0491497 -0.125149 0.0794069 1 -0.139134 -0.126375 0.0785495 0.0565344 -0.0583027 -0.0315936 0.0240735 0.0667244 -0.0374456 -0.0527753 0.0659639 0.162949 -0.120134 -0.402119 0.238996 1 -0.505295 -0.407979 0.225296 0.134571 -0.0788004 -0.0283743 0.119052 
3.7 -7.25003 1.66544 0.941429 -0.713226 -0.732109 -0.718575 -0.718822 -0.708843 -0.66155 -0.755048 0.468934 0.0471603 0.0971895 0.0826684 0.106922 0.117719 0.427112 0.026862 -0.0312396 -0.037959 0.0394428 0.0435113 -0.0497628 -0.124755 0.0814409 1 -0.138732 -0.127659 0.07888 0.0614673 -0.0633174 -0.0390848 0.0309056 0.0676118 -0.0287754 -0.05758 0.0658204 0.159703 -0.115366 -0.393783 0.234976 1 -0.499882 -0.406905 0.226664 0.127872 -0.077066 -0.0219233 0.121257 
3.8 -7.25003 1.66544 0.949875 -0.716274 -0.73489 -0.716275 -0.711615 -0.704225 -0.66426 -0.74754 0.465886 0.044379 0.09949 0.0898756 0.11154 0.11501 0.43462 0.0330745 -0.0362786 -0.0383628 0.0392536 0.0437992 -0.0518962 -0.124282 0.0835516 1 -0.138924 -0.129299 0.0798822 0.0661813 -0.0677863 -0.0478334 0.0389187 0.0670598 -0.0207989 -0.0649305 0.0670994 0.154382 -0.108207 -0.385243 0.2313 1 -0.494278 -0.403721 0.226845 0.122521 -0.0767792 -0.0153209 0.120503 
3.9 -7.25003 1.66544 0.958437 -0.720671 -0.736948 -0.714224 -0.704685 -0.699801 -0.667323 -0.740294 0.461489 0.0423211 0.101541 0.0968057 0.115964 0.111947 0.441866 0.0397361 -0.0416877 -0.0390966 0.039376 0.0452316 -0.0551719 -0.12383 0.0855891 1 -0.139691 -0.131234 0.0815286 0.0704895 -0.0715646 -0.0574492 0.047774 0.0647665 -0.0137929 -0.073253 0.0692574 0.14747 -0.0994624 -0.376917 0.228051 1 -0.488469 -0.398627 0.225772 0.118809 -0.0777655 -0.00881722 0.116639 
4 -7.25003 1.66544 0.967531 -0.726628 -0.738124 -0.712195 -0.698395 -0.695758 -0.67053 -0.733717 0.455532 0.041145 0.10357 0.103096 0.120007 0.10874 0.448443 0.0464326 -0.0472279 -0.0403506 0.0400692 0.0476182 -0.0591115 -0.12352 0.0874548 1 -0.140983 -0.133343 0.0836996 0.0742848 -0.0746277 -0.0674723 0.0570766 0.0606261 -0.00788891 -0.0809583 0.0715923 0.139634 -0.090241 -0.369159 0.22522 1 -0.482406 -0.392047 0.223557 0.116699 -0.0796245 -0.00262893 0.109766 
4.1 -7.25003 1.66544 0.977561 -0.734327 -0.738219 -0.709975 -0.693023 -0.692222 -0.67369 -0.72818 0.447833 0.0410504 0.10579 0.108468 0.123543 0.105579 0.45398 0.0527557 -0.0526499 -0.0422382 0.041531 0.0506977 -0.0632415 -0.123469 0.0891119 1 -0.142728 -0.135466 0.086216 0.0775509 -0.0770589 -0.0774123 0.0664004 0.0548233 -0.00309541 -0.0866742 0.0732865 0.131582 -0.0817037 -0.362264 0.222707 1 -0.475997 -0.384551 0.22043 0.115849 -0.0818118 0.00306145 0.100255 
4.2 -7.25003 1.66544 0.988873 -0.743899 -0.737009 -0.707381 -0.688742 -0.689249 -0.676652 -0.724006 0.438261 0.0422605 0.108384 0.112748 0.126515 0.102617 0.458154 0.0583246 -0.0576917 -0.0447648 0.0438399 0.0541824 -0.0671574 -0.12377 0.0905798 1 -0.144838 -0.137443 0.0888811 0.0803543 -0.0790215 -0.0867859 0.075311 0.0477485 0.000680248 -0.0893941 0.0735951 0.12397 -0.0748199 -0.356481 0.22033 1 -0.469112 -0.376751 0.216672 0.115655 -0.0837488 0.00813019 0.0887311 
4.3 -7.25003 1.66544 1.00171 -0.755399 -0.734273 -0.704272 -0.685618 -0.68683 -0.679312 -0.721447 0.426761 0.0449965 0.111493 0.115873 0.128935 0.0999578 0.460713 0.0628364 -0.0621146 -0.0478269 0.0469483 0.0578036 -0.0705823 -0.124481 0.0919161 1 -0.147221 -0.139139 0.0915203 0.0828225 -0.0807125 -0.0951544 0.083385 0.0399934 0.00358845 -0.0886796 0.0719501 0.117319 -0.0702047 -0.352032 0.217871 1 -0.461604 -0.369204 0.21254 0.115383 -0.0849448 0.0124862 0.0760478 
4.4 -7.25003 1.66544 1.01617 -0.768791 -0.729823 -0.700552 -0.683614 -0.684892 -0.68161 -0.720679 0.413369 0.0494467 0.115213 0.117877 0.130873 0.0976591 0.461481 0.0660798 -0.0657062 -0.0512409 0.0506777 0.0613571 -0.0733796 -0.125616 0.0931946 1 -0.149784 -0.14047 0.0940142 0.0851086 -0.0823194 -0.102149 0.0902332 0.0322365 0.00577062 -0.0846046 0.0680929 0.111924 -0.0680601 -0.349102 0.215111 1 -0.453324 -0.362334 0.208203 0.114287 -0.0850696 0.0160801 0.0631996 
4.5 -7.25003 1.66544 1.03222 -0.783936 -0.723534 -0.696168 -0.68262 -0.683319 -0.683533 -0.721795 0.398224 0.0557353 0.119597 0.11887 0.132446 0.095736 0.460365 0.0679473 -0.068298 -0.0547799 0.0547512 0.06473 -0.0755446 -0.12715 0.0944789 1 -0.152438 -0.141415 0.0963175 0.0873446 -0.0839772 -0.107494 0.0955272 0.025138 0.00736855 -0.0776808 0.0621042 0.107817 -0.068189 -0.347838 0.211889 1 -0.444161 -0.356382 0.203705 0.111777 -0.0840278 0.0188718 0.0512065 
4.6 -7.25003 1.66544 1.04969 -0.800595 -0.715374 -0.691112 -0.682478 -0.681965 -0.685096 -0.724806 0.381565 0.0638948 0.124653 0.119012 0.1338 0.0941734 0.457354 0.0684318 -0.0697757 -0.0582156 0.0588322 0.0679086 -0.0771718 -0.12903 0.0958071 1 -0.155105 -0.142009 0.0984585 0.0896022 -0.0857465 -0.111013 0.099025 0.0192272 0.0084682 -0.068689 0.054431 0.104793 -0.0700892 -0.34832 0.208134 1 -0.434071 -0.3514 0.198971 0.107542 -0.0819555 0.0208077 0.0410035 
4.7 -7.25003 1.66544 1.06831 -0.818445 -0.705421 -0.685416 -0.68301 -0.680669 -0.686328 -0.729649 0.363715 0.0738478 0.130349 0.11848 0.135096 0.0929408 0.452511 0.0676042 -0.0700824 -0.0613528 0.0625731 0.0709597 -0.0784 -0.131187 0.097186 1 -0.157716 -0.142332 0.100525 0.0918582 -0.0875977 -0.112634 0.100595 0.0148284 0.00911814 -0.0585336 0.0457906 0.102461 -0.0730918 -0.350521 0.203871 1 -0.423105 -0.347274 0.193834 0.101631 -0.0791853 0.0218108 0.0333233 
4.8 -7.25003 1.66544 1.08773 -0.837092 -0.693869 -0.67916 -0.684038 -0.679282 -0.687261 -0.736191 0.345068 0.0854003 0.136605 0.117452 0.136483 0.092008 0.445969 0.0655964 -0.0692291 -0.0640474 0.0656683 0.073994 -0.0793702 -0.133545 0.0985974 1 -0.160218 -0.14249 0.102631 0.0939863 -0.0894223 -0.112379 0.100228 0.0120378 0.00936892 -0.0480992 0.0370135 0.100337 -0.0764924 -0.354286 0.199208 1 -0.411429 -0.343775 0.188092 0.0944579 -0.0761578 0.0217683 0.0286056 
4.9 -7.25003 1.66544 1.10758 -0.85611 -0.68102 -0.672464 -0.685398 -0.677675 -0.687911 -0.744246 0.32605 0.0982492 0.143301 0.116092 0.13809 0.0913581 0.437914 0.0625798 -0.0672911 -0.0662175 0.0678933 0.0771255 -0.0801919 -0.136034 0.100013 1 -0.162573 -0.142586 0.104884 0.0957668 -0.0910586 -0.110352 0.098042 0.010773 0.00922873 -0.0381736 0.0289871 0.0979536 -0.079651 -0.359308 0.194298 1 -0.399321 -0.340634 0.181583 0.086746 -0.0733229 0.0205331 0.0269446 
5 -7.25003 1.66544 1.1275 -0.875063 -0.667267 -0.665494 -0.686943 -0.675754 -0.688273 -0.753589 0.307097 0.112003 0.150271 0.114547 0.140011 0.0909963 0.428571 0.0587416 -0.0644048 -0.0678268 0.0691283 0.0804245 -0.0809255 -0.138589 0.101411 1 -0.164756 -0.142702 0.107346 0.096927 -0.0923192 -0.106726 0.0942706 0.0107806 0.00871572 -0.0293803 0.0224564 0.094962 -0.0820618 -0.365132 0.189281 1 -0.387153 -0.337611 0.174248 0.0794142 -0.0710436 0.0179543 0.0280861 
5.1 -7.25003 1.66544 1.14711 -0.893548 -0.653059 -0.658455 -0.688539 -0.673466 -0.688316 -0.763973 0.288612 0.12621 0.15731 0.112952 0.142299 0.090953 0.418187 0.0542703 -0.0607562 -0.0688679 0.0693662 0.0838848 -0.0815848 -0.141152 0.102794 1 -0.166751 -0.142884 0.110003 0.0971921 -0.0930301 -0.101729 0.0892432 0.0117138 0.00786725 -0.0221543 0.0179151 0.0912216 -0.0833857 -0.371188 0.184248 1 -0.375361 -0.334548 0.166189 0.0734126 -0.0695198 0.0139004 0.031468 
