time en(t) enf(t) enf(t)-en0 svN(t) localEn(t) localEn(t)-localEn0 SzSz(t) Sperp(t)
0 -66.7448 -9.86388 3.67592 0.0251257 -0.293275 -0.287763 -0.287927 -0.287925 -0.287928 -0.287931 -0.287928 -0.287925 -0.287924 -0.287946 -0.285975 -0.327592 0.252569 0.145705 0.176255 0.165989 0.168568 0.167677 0.16768 0.168571 0.165989 0.176236 0.147493 0.218252 
0.1 -66.7413 -9.86391 3.67588 0.0251312 -0.293275 -0.287763 -0.287927 -0.287925 -0.287931 -0.287938 -0.287931 -0.287925 -0.287924 -0.287947 -0.285976 -0.327592 0.252569 0.145705 0.176255 0.165989 0.168564 0.16767 0.167677 0.16857 0.16599 0.176235 0.147493 0.218252 
0.2 -66.7318 -9.86407 3.67573 0.025158 -0.293275 -0.287763 -0.287927 -0.287924 -0.287945 -0.287967 -0.287946 -0.287924 -0.287925 -0.287945 -0.285974 -0.327592 0.252569 0.145705 0.176255 0.16599 0.16855 0.16764 0.167662 0.168572 0.165989 0.176238 0.147494 0.218252 
0.3 -66.7062 -9.86453 3.67526 0.025232 -0.293275 -0.287763 -0.287927 -0.287923 -0.287985 -0.288049 -0.287985 -0.287922 -0.287925 -0.287945 -0.285974 -0.327592 0.252569 0.145705 0.176255 0.165991 0.168511 0.167559 0.167623 0.168574 0.165989 0.176238 0.147494 0.218252 
0.4 -66.6373 -9.86575 3.67405 0.0254227 -0.293275 -0.287763 -0.287927 -0.287919 -0.288086 -0.288259 -0.288086 -0.287919 -0.287924 -0.287947 -0.285975 -0.327592 0.252569 0.145705 0.176255 0.165995 0.16841 0.167349 0.167522 0.168577 0.16599 0.176236 0.147493 0.218252 
0.5 -66.4547 -9.8689 3.6709 0.0259278 -0.293275 -0.287763 -0.287927 -0.287908 -0.28835 -0.288807 -0.288349 -0.287909 -0.287924 -0.287948 -0.285976 -0.327592 0.252569 0.145705 0.176255 0.166006 0.168146 0.166801 0.167259 0.168586 0.16599 0.176234 0.147492 0.218252 
0.6 -65.9907 -9.87694 3.66285 0.0272648 -0.293275 -0.287763 -0.287927 -0.28788 -0.289027 -0.290212 -0.289027 -0.287881 -0.287924 -0.287948 -0.285976 -0.327592 0.252569 0.145705 0.176255 0.166034 0.167469 0.165395 0.166581 0.168615 0.16599 0.176235 0.147493 0.218252 
0.7 -64.9276 -9.89575 3.64404 0.0306475 -0.293275 -0.287763 -0.287927 -0.287812 -0.290621 -0.293489 -0.290621 -0.287812 -0.287925 -0.287945 -0.285975 -0.327592 0.252569 0.145705 0.176255 0.166102 0.165875 0.162119 0.164987 0.168684 0.165989 0.176237 0.147494 0.218252 
0.8 -62.9761 -9.93212 3.60768 0.0383934 -0.293275 -0.287763 -0.287927 -0.287667 -0.29376 -0.299747 -0.29376 -0.287667 -0.287924 -0.287944 -0.285974 -0.327592 0.252569 0.145705 0.176256 0.166246 0.162736 0.155861 0.161848 0.168829 0.16599 0.176238 0.147494 0.218252 
0.9 -60.4994 -9.98527 3.55453 0.0534744 -0.293275 -0.287763 -0.287925 -0.287436 -0.298558 -0.308576 -0.298558 -0.287436 -0.287923 -0.287946 -0.285975 -0.327592 0.252569 0.145706 0.176257 0.166478 0.157938 0.147031 0.15705 0.16906 0.165991 0.176236 0.147493 0.218252 
1 -58.4152 -10.0448 3.49496 0.0776472 -0.293275 -0.287763 -0.287919 -0.287229 -0.304209 -0.318011 -0.304209 -0.28723 -0.287916 -0.287948 -0.285976 -0.327592 0.252569 0.145706 0.176263 0.166685 0.152286 0.137597 0.151399 0.169265 0.165998 0.176235 0.147492 0.218252 
1.1 -56.9309 -10.1016 3.4382 0.110044 -0.293275 -0.287762 -0.287897 -0.2874 -0.309372 -0.327113 -0.309372 -0.287401 -0.287895 -0.287947 -0.285976 -0.327592 0.252569 0.145706 0.176285 0.166514 0.147123 0.128495 0.146235 0.169094 0.166019 0.176235 0.147492 0.218252 
1.2 -55.442 -10.1538 3.38595 0.148282 -0.293275 -0.287762 -0.287836 -0.288591 -0.312987 -0.336396 -0.312986 -0.288591 -0.287833 -0.287945 -0.285975 -0.327592 0.252569 0.145706 0.176347 0.165323 0.143509 0.119212 0.142621 0.167905 0.166081 0.176237 0.147494 0.218252 
1.3 -53.3505 -10.2077 3.3321 0.190709 -0.293275 -0.287762 -0.287695 -0.291516 -0.315224 -0.34637 -0.315224 -0.291515 -0.287692 -0.287943 -0.285974 -0.327592 0.252569 0.145707 0.176487 0.162398 0.141271 0.109237 0.140383 0.16498 0.166221 0.176239 0.147494 0.218252 
1.4 -50.8523 -10.2679 3.2719 0.23711 -0.293275 -0.28776 -0.287462 -0.296312 -0.316924 -0.356851 -0.316925 -0.296313 -0.28746 -0.287943 -0.285975 -0.327592 0.252569 0.145708 0.17672 0.157602 0.139571 0.0987566 0.138683 0.160183 0.166454 0.176239 0.147494 0.218252 
1.5 -48.6583 -10.3311 3.20873 0.287374 -0.293275 -0.287754 -0.287247 -0.302227 -0.318432 -0.367227 -0.318433 -0.302228 -0.287245 -0.287939 -0.285931 -0.328114 0.252569 0.145714 0.176935 0.151687 0.138064 0.0883808 0.137175 0.154268 0.166669 0.176243 0.147537 0.21773 
1.6 -47.1855 -10.3921 3.14765 0.340204 -0.293274 -0.287733 -0.2874 -0.308013 -0.320194 -0.376901 -0.320194 -0.308012 -0.287398 -0.287919 -0.285818 -0.329507 0.252569 0.145736 0.176782 0.145901 0.136301 0.0787068 0.135413 0.148484 0.166516 0.176264 0.14765 0.216337 
1.7 -45.7026 -10.45 3.08979 0.393432 -0.293274 -0.287671 -0.288558 -0.312667 -0.322984 -0.385475 -0.322983 -0.312666 -0.288557 -0.287857 -0.285684 -0.331305 0.252569 0.145797 0.175624 0.141246 0.133512 0.0701324 0.132625 0.143829 0.165357 0.176326 0.147784 0.214538 
1.8 -43.6147 -10.5095 3.03025 0.444942 -0.293274 -0.287531 -0.291436 -0.316318 -0.327355 -0.392743 -0.327352 -0.316316 -0.291432 -0.287717 -0.285585 -0.332911 0.25257 0.145937 0.172746 0.137596 0.12914 0.062865 0.128255 0.140179 0.162482 0.176465 0.147883 0.212933 
1.9 -41.1205 -10.5738 2.96597 0.493145 -0.293272 -0.287299 -0.296171 -0.319642 -0.333431 -0.398627 -0.333428 -0.319636 -0.296156 -0.287489 -0.285557 -0.333788 0.252571 0.146169 0.168012 0.134271 0.123064 0.0569812 0.12218 0.136859 0.157758 0.176694 0.147911 0.212056 
2 -39.0529 -10.6376 2.90222 0.537049 -0.293266 -0.287086 -0.301987 -0.322788 -0.341053 -0.403148 -0.341048 -0.322777 -0.301967 -0.287278 -0.285605 -0.333642 0.252578 0.146382 0.162195 0.131126 0.115443 0.0524597 0.11456 0.133719 0.151947 0.176905 0.147864 0.212201 
2.1 -37.5837 -10.6954 2.84441 0.576175 -0.293242 -0.28724 -0.307616 -0.326063 -0.349949 -0.406404 -0.349943 -0.32605 -0.307601 -0.287433 -0.285695 -0.332522 0.252601 0.146228 0.156566 0.127851 0.106547 0.0492036 0.105665 0.130445 0.146313 0.176749 0.147773 0.213322 
2.2 -36.1033 -10.7481 2.79166 0.610466 -0.293175 -0.288396 -0.312044 -0.330176 -0.359795 -0.40855 -0.35979 -0.330171 -0.312046 -0.288597 -0.285763 -0.330797 0.252669 0.145073 0.152139 0.123738 0.0967007 0.0470581 0.0958179 0.126325 0.141868 0.175586 0.147705 0.215046 
2.3 -34.0169 -10.8032 2.73655 0.640161 -0.293019 -0.291262 -0.315396 -0.335666 -0.370213 -0.409781 -0.370209 -0.335674 -0.315417 -0.291482 -0.285722 -0.329043 0.252825 0.142206 0.148787 0.118247 0.0862829 0.0458272 0.0853986 0.120822 0.138497 0.1727 0.147747 0.2168 
2.4 -31.5237 -10.8659 2.6739 0.665719 -0.292756 -0.295966 -0.318352 -0.342654 -0.380776 -0.410321 -0.380776 -0.342677 -0.318381 -0.296227 -0.285516 -0.327846 0.253088 0.137503 0.14583 0.111259 0.0757192 0.0452868 0.0748318 0.113819 0.135533 0.167956 0.147953 0.217997 
2.5 -29.457 -10.9318 2.60802 0.687755 -0.292499 -0.30172 -0.321057 -0.350976 -0.39103 -0.410407 -0.391034 -0.351009 -0.321085 -0.302071 -0.285241 -0.327604 0.253344 0.131749 0.143125 0.102938 0.0654652 0.0452004 0.0645741 0.105486 0.132829 0.162112 0.148228 0.218239 
2.6 -27.9889 -10.9949 2.54485 0.707051 -0.292638 -0.307246 -0.323813 -0.360353 -0.400517 -0.410257 -0.400523 -0.36039 -0.323838 -0.307759 -0.285272 -0.328391 0.253206 0.126222 0.140369 0.0935609 0.0559781 0.0453505 0.0550845 0.0961052 0.130076 0.156423 0.148197 0.217453 
2.7 -26.511 -11.0543 2.48553 0.724348 -0.293904 -0.311531 -0.32733 -0.370459 -0.408829 -0.410062 -0.408834 -0.370493 -0.327356 -0.312282 -0.286298 -0.329919 0.25194 0.121938 0.136852 0.0834546 0.0476667 0.0455461 0.0467736 0.0860027 0.126558 0.1519 0.14717 0.215925 
2.8 -24.4313 -11.1144 2.42541 0.740226 -0.297162 -0.314692 -0.332153 -0.380919 -0.415652 -0.410001 -0.415653 -0.38094 -0.332184 -0.315754 -0.289091 -0.331631 0.248682 0.118776 0.13203 0.0729953 0.0408436 0.0456072 0.0399546 0.0755558 0.12173 0.148428 0.144378 0.214213 
2.9 -22.1991 -11.1764 2.36341 0.755111 -0.30269 -0.317374 -0.338414 -0.391302 -0.420797 -0.410221 -0.420791 -0.391304 -0.338457 -0.318828 -0.293907 -0.331876 0.243154 0.116095 0.125768 0.0626123 0.0356985 0.0453869 0.0348167 0.0651916 0.115457 0.145354 0.139561 0.213967 
3 -20.1801 -11.2339 2.30593 0.769275 -0.309841 -0.319658 -0.345969 -0.401142 -0.424204 -0.41082 -0.42419 -0.401122 -0.34603 -0.321621 -0.300001 -0.329406 0.236002 0.113811 0.118214 0.0527719 0.0322917 0.0447876 0.0314176 0.0553738 0.107884 0.142561 0.133467 0.216438 
3.1 -18.8321 -11.2844 2.25543 0.782856 -0.317442 -0.321776 -0.354561 -0.409971 -0.425939 -0.411828 -0.425919 -0.409928 -0.354657 -0.324417 -0.305918 -0.325878 0.228401 0.111692 0.109622 0.0439425 0.0305567 0.0437802 0.0296887 0.0465671 0.0992571 0.139765 0.12755 0.219966 
3.2 -17.6278 -11.3304 2.20937 0.795899 -0.324289 -0.324374 -0.363883 -0.417363 -0.426171 -0.413208 -0.426149 -0.417302 -0.364044 -0.327911 -0.31041 -0.324025 0.221555 0.109094 0.100299 0.0365507 0.0303241 0.0424003 0.0294591 0.0391932 0.0898696 0.136271 0.123059 0.221818 
3.3 -16.0533 -11.3766 2.16322 0.808357 -0.329766 -0.327936 -0.373574 -0.422978 -0.425148 -0.414856 -0.425127 -0.422908 -0.373851 -0.332627 -0.313381 -0.325968 0.216078 0.105532 0.0906081 0.0309363 0.0313473 0.0407516 0.0304806 0.0335872 0.0800632 0.131555 0.120087 0.219876 
3.4 -14.2389 -11.4217 2.11813 0.820118 -0.333424 -0.33255 -0.383215 -0.426598 -0.423157 -0.416614 -0.423144 -0.426532 -0.383681 -0.338671 -0.315302 -0.33104 0.21242 0.100919 0.0809677 0.0273159 0.0333384 0.0389937 0.0324638 0.0299635 0.0702325 0.125511 0.118166 0.214803 
3.5 -12.8413 -11.4581 2.08173 0.831024 -0.334464 -0.338059 -0.39234 -0.428153 -0.4205 -0.418296 -0.4205 -0.428105 -0.393101 -0.345852 -0.31612 -0.336731 0.21138 0.0954095 0.0718421 0.0257614 0.0359958 0.0373121 0.035108 0.0283901 0.0608131 0.118331 0.117349 0.209113 
3.6 -12.1015 -11.4827 2.05711 0.8409 -0.332775 -0.344247 -0.400474 -0.427725 -0.417466 -0.419721 -0.417484 -0.427711 -0.401662 -0.353854 -0.316013 -0.341696 0.213069 0.0892213 0.0637082 0.0261889 0.03903 0.0358864 0.0381242 0.0287846 0.0522517 0.110328 0.117456 0.204148 
3.7 -11.7916 -11.4987 2.04111 0.849584 -0.32905 -0.350889 -0.407167 -0.425538 -0.414319 -0.42075 -0.41436 -0.425571 -0.408947 -0.362298 -0.315723 -0.34602 0.216794 0.0825796 0.057015 0.0283754 0.0421763 0.0348583 0.0412482 0.0309245 0.0449669 0.101884 0.117745 0.199824 
3.8 -11.4592 -11.4969 2.04285 0.856977 -0.324034 -0.357735 -0.412045 -0.421937 -0.411288 -0.42131 -0.411356 -0.422027 -0.414606 -0.370743 -0.31589 -0.34312 0.22181 0.0757335 0.0521371 0.0319765 0.0452072 0.0342975 0.0442522 0.0344682 0.0393078 0.0934392 0.117578 0.202723 
3.9 -11.4189 -11.4909 2.04891 0.863071 -0.318195 -0.364507 -0.414846 -0.417349 -0.408562 -0.421413 -0.408662 -0.417504 -0.418393 -0.378692 -0.316844 -0.338912 0.227648 0.0689611 0.0493368 0.0365654 0.0479337 0.0341951 0.0469455 0.0389912 0.0355212 0.0854903 0.116625 0.206932 
4 -11.4053 -11.4822 2.05756 0.867977 -0.311762 -0.370912 -0.415451 -0.41224 -0.406291 -0.421145 -0.406426 -0.412469 -0.420189 -0.385631 -0.318726 -0.333559 0.234081 0.0625566 0.0487319 0.0416741 0.050205 0.034463 0.0491814 0.0440267 0.0337249 0.0785514 0.114743 0.212284 
4.1 -11.4848 -11.4826 2.0572 0.871916 -0.30483 -0.376658 -0.413894 -0.407079 -0.404582 -0.420665 -0.404759 -0.407388 -0.420012 -0.391073 -0.321527 -0.332975 0.241014 0.0568103 0.0502887 0.0468348 0.0519135 0.034943 0.0508489 0.0491072 0.0339024 0.0731092 0.111942 0.212869 
4.2 -11.41 -11.4714 2.06841 0.875178 -0.297438 -0.381482 -0.410368 -0.402294 -0.403502 -0.420158 -0.403728 -0.402693 -0.418012 -0.394613 -0.32502 -0.325496 0.248406 0.0519868 0.0538145 0.0516198 0.0529934 0.0354497 0.0518801 0.0538029 0.035902 0.0695699 0.108448 0.220348 
4.3 -11.4096 -11.4595 2.08033 0.878092 -0.289621 -0.385165 -0.405202 -0.398246 -0.403071 -0.419804 -0.403355 -0.398743 -0.414457 -0.395953 -0.328805 -0.317008 0.256223 0.0483033 0.0589802 0.0556683 0.0534244 0.0358041 0.0522524 0.0577525 0.0394573 0.0682298 0.104664 0.228836 
4.4 -11.4095 -11.4472 2.09264 0.88099 -0.281427 -0.387555 -0.398835 -0.395202 -0.403264 -0.419737 -0.403619 -0.395811 -0.409702 -0.394942 -0.332515 -0.307566 0.264416 0.0459129 0.0653473 0.0587122 0.053232 0.0358711 0.0519885 0.0606845 0.0442115 0.0692403 0.100953 0.238278 
4.5 -11.4094 -11.4347 2.10507 0.884169 -0.272935 -0.388576 -0.391775 -0.393333 -0.404002 -0.42002 -0.404447 -0.394066 -0.404161 -0.391597 -0.33581 -0.297256 0.272908 0.0448927 0.0724077 0.0605807 0.0524937 0.035588 0.0511609 0.0624296 0.0497529 0.072585 0.0976578 0.248588 
4.6 -11.4094 -11.4224 2.11735 0.887868 -0.264258 -0.388229 -0.384549 -0.392711 -0.405164 -0.420624 -0.405723 -0.393576 -0.398266 -0.386105 -0.338414 -0.286199 0.281585 0.0452388 0.0796336 0.0612028 0.0513314 0.0349842 0.0498846 0.0629196 0.055648 0.0780774 0.0950539 0.259645 
4.7 -11.4094 -11.4105 2.12925 0.89225 -0.255547 -0.386602 -0.377667 -0.393309 -0.406588 -0.421427 -0.407293 -0.394312 -0.392437 -0.378811 -0.34015 -0.274555 0.290297 0.0468661 0.0865157 0.0606047 0.0499078 0.0341804 0.0483148 0.0621833 0.0614764 0.0853712 0.0933186 0.271289 
4.8 -11.4094 -11.3993 2.14054 0.897393 -0.246986 -0.383857 -0.371574 -0.395021 -0.408082 -0.422236 -0.408976 -0.396161 -0.387059 -0.370192 -0.340954 -0.262522 0.298858 0.0496117 0.0926084 0.0588924 0.0484132 0.0333723 0.0466315 0.0603343 0.0668553 0.0939901 0.0925139 0.283322 
4.9 -11.4094 -11.3888 2.15102 0.90331 -0.238793 -0.380225 -0.366622 -0.397672 -0.409449 -0.422811 -0.410582 -0.39894 -0.38245 -0.360809 -0.340881 -0.250332 0.307051 0.0532431 0.0975604 0.0562419 0.0470468 0.0327973 0.0450256 0.0575555 0.0714644 0.103373 0.0925874 0.295512 
5 -11.4094 -11.3793 2.16054 0.909978 -0.231206 -0.375998 -0.363049 -0.401032 -0.410498 -0.422913 -0.41193 -0.40241 -0.378856 -0.351265 -0.34008 -0.238249 0.314637 0.0574704 0.101133 0.0528824 0.0459972 0.0326944 0.0436778 0.0540858 0.0750576 0.112918 0.0933883 0.307595 
5.1 -11.4094 -11.3708 2.16896 0.917367 -0.224479 -0.371506 -0.360971 -0.404834 -0.411073 -0.422346 -0.412866 -0.406295 -0.376438 -0.342151 -0.338774 -0.226558 0.321365 0.0619625 0.103211 0.0490796 0.0454226 0.0332621 0.0427418 0.0502004 0.0774756 0.122032 0.0946945 0.319286 
5.2 -11.4094 -11.3636 2.17619 0.925464 -0.218864 -0.3671 -0.360387 -0.408796 -0.411063 -0.420993 -0.413281 -0.410302 -0.375265 -0.334002 -0.337223 -0.215554 0.32698 0.0663678 0.103795 0.0451178 0.0454326 0.0346144 0.042327 0.0461932 0.0786491 0.130181 0.0962453 0.330289 
5.3 -11.4094 -11.3576 2.18217 0.934278 -0.214602 -0.363129 -0.361188 -0.412631 -0.410421 -0.418852 -0.413121 -0.414135 -0.375314 -0.327256 -0.335693 -0.205536 0.331242 0.0703393 0.102995 0.0412833 0.0460743 0.0367562 0.0424868 0.042361 0.0785997 0.136927 0.0977753 0.340308 
