time en(t) enf(t) enf(t)-en0 svN(t) localEn(t) localEn(t)-localEn0 SzSz(t) Sperp(t)
0 -43.4573 -6.41081 2.50467 0.0251822 -0.727546 -0.57558 -0.575783 -0.57578 -0.575772 -0.573633 -0.774602 0.454614 0.20369 0.239982 0.22571 0.239993 0.205637 0.407558 0.245493 -0.245492 -0.24481 0.244809 0.244884 -0.244886 -0.246585 0.244887 1 -0.246599 -0.246585 0.244895 0.244801 -0.24292 -0.243185 0.241293 1.9691e-05 -4.42468e-05 -0.000266991 7.09914e-05 0.00346094 -0.000851579 -0.0824542 0.0068628 1 -0.0827391 -0.0824295 0.00685987 0.00346015 -0.000847813 -0.000165797 0.000151468 
0.1 -43.453 -6.41085 2.50462 0.025186 -0.72755 -0.575584 -0.57579 -0.575787 -0.575776 -0.573635 -0.774603 0.45461 0.203685 0.239975 0.225703 0.239989 0.205634 0.407557 0.245492 -0.245491 -0.24481 0.244808 0.244883 -0.244885 -0.246584 0.244886 1 -0.246599 -0.246584 0.244894 0.244801 -0.242919 -0.243184 0.241293 6.88697e-06 -3.69545e-06 -0.000148792 5.9081e-05 0.0034569 -0.000852302 -0.0824629 0.00686411 1 -0.0827463 -0.0824353 0.00686057 0.00345567 -0.000848048 -0.00016561 0.000151415 
0.2 -43.4483 -6.41098 2.50449 0.0251971 -0.72756 -0.575597 -0.575808 -0.575805 -0.57579 -0.573643 -0.774609 0.4546 0.203672 0.239957 0.225685 0.239975 0.205626 0.407551 0.24549 -0.24549 -0.244808 0.244806 0.24488 -0.244882 -0.246583 0.244883 1 -0.246597 -0.246583 0.244892 0.244799 -0.242918 -0.243183 0.241291 6.88892e-06 -3.69299e-06 -0.000148838 5.90308e-05 0.00345867 -0.000851652 -0.0824863 0.0068676 1 -0.0827655 -0.0824571 0.00686324 0.00345703 -0.000847939 -0.000165671 0.000151422 
0.3 -43.4431 -6.41114 2.50433 0.025211 -0.727573 -0.575613 -0.575831 -0.575827 -0.575806 -0.573653 -0.774618 0.454587 0.203656 0.239934 0.225663 0.239959 0.205617 0.407542 0.245488 -0.245487 -0.244805 0.244803 0.244878 -0.244879 -0.246581 0.24488 1 -0.246595 -0.246581 0.24489 0.244797 -0.242915 -0.24318 0.241289 6.89582e-06 -3.69739e-06 -0.000148967 5.90936e-05 0.00346082 -0.000852506 -0.0825152 0.00687199 1 -0.0827892 -0.0824807 0.00686652 0.00345863 -0.000848618 -0.000165774 0.000151511 
0.4 -43.4373 -6.41125 2.50422 0.0252205 -0.727583 -0.575623 -0.575845 -0.575842 -0.575815 -0.573658 -0.774628 0.454577 0.203646 0.23992 0.225648 0.23995 0.205611 0.407532 0.245487 -0.245486 -0.244804 0.244802 0.244876 -0.244877 -0.246579 0.244878 1 -0.246594 -0.24658 0.244888 0.244795 -0.242914 -0.243179 0.241287 6.90472e-06 -3.70843e-06 -0.000149116 5.9272e-05 0.00346246 -0.000854701 -0.0825348 0.00687507 1 -0.0828051 -0.0824937 0.00686852 0.00345966 -0.00084974 -0.000165861 0.000151655 
0.5 -43.4309 -6.41131 2.50416 0.0252254 -0.727588 -0.575628 -0.575852 -0.57585 -0.575819 -0.57366 -0.774638 0.454572 0.203641 0.239913 0.22564 0.239946 0.205609 0.407522 0.245486 -0.245485 -0.244803 0.244801 0.244875 -0.244876 -0.246579 0.244877 1 -0.246593 -0.24658 0.244888 0.244794 -0.242913 -0.243178 0.241286 6.90897e-06 -3.71461e-06 -0.000149185 5.93686e-05 0.00346331 -0.000855798 -0.082545 0.00687662 1 -0.082813 -0.0824994 0.00686946 0.00346016 -0.000850099 -0.000165895 0.000151756 
0.6 -43.4238 -6.4114 2.50408 0.0252326 -0.727594 -0.575636 -0.575864 -0.575862 -0.575828 -0.573665 -0.774649 0.454566 0.203633 0.239901 0.225629 0.239937 0.205604 0.407511 0.245485 -0.245484 -0.244802 0.244799 0.244873 -0.244874 -0.246578 0.244875 1 -0.246593 -0.246579 0.244886 0.244793 -0.242911 -0.243176 0.241284 6.90883e-06 -3.7106e-06 -0.000149195 5.92927e-05 0.0034643 -0.000854768 -0.0825601 0.00687878 1 -0.082825 -0.0825126 0.00687105 0.00346096 -0.00084948 -0.000165936 0.000151789 
0.7 -43.416 -6.41157 2.5039 0.0252473 -0.727605 -0.575654 -0.575888 -0.575885 -0.575847 -0.573676 -0.774661 0.454555 0.203615 0.239876 0.225605 0.239918 0.205594 0.407499 0.245483 -0.245482 -0.244799 0.244796 0.24487 -0.244871 -0.246575 0.244872 1 -0.24659 -0.246577 0.244884 0.244791 -0.242909 -0.243174 0.241281 6.91221e-06 -3.70738e-06 -0.000149275 5.92322e-05 0.00346663 -0.000853971 -0.0825911 0.0068834 1 -0.0828504 -0.0825408 0.00687449 0.00346271 -0.000849304 -0.000166028 0.00015185 
0.8 -43.4074 -6.41179 2.50368 0.0252667 -0.727623 -0.575676 -0.57592 -0.575917 -0.575869 -0.573689 -0.774673 0.454537 0.203593 0.239845 0.225574 0.239895 0.20558 0.407487 0.24548 -0.245479 -0.244796 0.244793 0.244866 -0.244866 -0.246572 0.244867 1 -0.246588 -0.246574 0.24488 0.244788 -0.242906 -0.243171 0.241278 6.92323e-06 -3.71652e-06 -0.000149477 5.93798e-05 0.00346985 -0.000855813 -0.0826317 0.00688963 1 -0.0828836 -0.0825745 0.00687915 0.00346502 -0.000850596 -0.000166166 0.00015201 
0.9 -43.3979 -6.41198 2.50349 0.0252836 -0.727641 -0.575694 -0.575946 -0.575944 -0.575887 -0.5737 -0.774684 0.454519 0.203575 0.239819 0.225547 0.239878 0.20557 0.407476 0.245478 -0.245476 -0.244793 0.244789 0.244863 -0.244863 -0.24657 0.244863 1 -0.246586 -0.246572 0.244878 0.244785 -0.242903 -0.243168 0.241275 6.93679e-06 -3.73331e-06 -0.000149701 5.9649e-05 0.00347259 -0.00085913 -0.0826666 0.00689509 1 -0.0829122 -0.0826002 0.00688302 0.00346694 -0.000852352 -0.000166316 0.000152193 
1 -43.3874 -6.41212 2.50335 0.0252958 -0.727654 -0.575707 -0.575965 -0.575963 -0.575899 -0.573707 -0.774693 0.454506 0.203562 0.2398 0.225527 0.239866 0.205562 0.407467 0.245476 -0.245474 -0.244791 0.244787 0.244861 -0.24486 -0.246568 0.24486 1 -0.246584 -0.246571 0.244876 0.244783 -0.242901 -0.243166 0.241273 6.94461e-06 -3.742e-06 -0.000149827 5.97712e-05 0.00347462 -0.000860531 -0.0826921 0.00689897 1 -0.0829326 -0.0826176 0.00688546 0.00346822 -0.000852827 -0.000166406 0.000152271 
1.1 -43.3758 -6.41228 2.5032 0.0253094 -0.727666 -0.575723 -0.575987 -0.575985 -0.575915 -0.573716 -0.774704 0.454494 0.203547 0.239778 0.225506 0.23985 0.205553 0.407456 0.245474 -0.245472 -0.244789 0.244784 0.244858 -0.244857 -0.246566 0.244857 1 -0.246582 -0.246569 0.244874 0.244781 -0.242899 -0.243164 0.241271 6.94627e-06 -3.73725e-06 -0.000149878 5.96694e-05 0.00347671 -0.000859145 -0.0827207 0.0069031 1 -0.0829553 -0.0826408 0.0068883 0.00346971 -0.000851997 -0.000166459 0.000152264 
1.2 -43.363 -6.41252 2.50295 0.0253309 -0.727683 -0.575748 -0.576022 -0.576019 -0.575941 -0.573731 -0.774718 0.454477 0.203522 0.239743 0.225471 0.239824 0.205539 0.407442 0.245471 -0.245469 -0.244785 0.24478 0.244853 -0.244852 -0.246563 0.244852 1 -0.246579 -0.246567 0.24487 0.244777 -0.242895 -0.243161 0.241267 6.95202e-06 -3.7343e-06 -0.000150017 5.96155e-05 0.00347996 -0.000858413 -0.0827656 0.00690977 1 -0.0829916 -0.08268 0.00689336 0.00347222 -0.000851914 -0.000166597 0.000152349 
1.3 -43.3488 -6.41284 2.50263 0.025359 -0.727707 -0.57578 -0.576068 -0.576064 -0.575974 -0.57375 -0.774738 0.454453 0.203489 0.239697 0.225426 0.239791 0.20552 0.407422 0.245467 -0.245465 -0.24478 0.244775 0.244847 -0.244845 -0.246559 0.244845 1 -0.246575 -0.246563 0.244865 0.244773 -0.242891 -0.243156 0.241263 6.96873e-06 -3.74862e-06 -0.000150318 5.9858e-05 0.00348464 -0.000861375 -0.0828243 0.00691885 1 -0.0830398 -0.0827292 0.0069001 0.00347558 -0.00085387 -0.000166816 0.000152623 
1.4 -43.3332 -6.41317 2.5023 0.025387 -0.727735 -0.575811 -0.576112 -0.576109 -0.576004 -0.573767 -0.774762 0.454425 0.203459 0.239653 0.225381 0.239761 0.205502 0.407398 0.245463 -0.24546 -0.244776 0.244769 0.244842 -0.244839 -0.246554 0.244839 1 -0.246572 -0.24656 0.24486 0.244768 -0.242886 -0.243152 0.241258 6.98898e-06 -3.77239e-06 -0.000150653 6.02363e-05 0.00348934 -0.000865968 -0.0828823 0.00692791 1 -0.0830874 -0.082774 0.00690652 0.00347883 -0.000856351 -0.000167037 0.000152961 
1.5 -43.316 -6.41345 2.50202 0.0254112 -0.727761 -0.575837 -0.57615 -0.576148 -0.57603 -0.573782 -0.774787 0.454399 0.203432 0.239615 0.225343 0.239735 0.205487 0.407373 0.245459 -0.245457 -0.244771 0.244765 0.244837 -0.244834 -0.246551 0.244833 1 -0.246569 -0.246557 0.244856 0.244764 -0.242882 -0.243147 0.241253 7.00198e-06 -3.78502e-06 -0.000150872 6.04004e-05 0.00349313 -0.000867877 -0.0829327 0.00693556 1 -0.0831281 -0.082811 0.00691171 0.00348145 -0.000857091 -0.000167227 0.000153178 
1.6 -43.2969 -6.41375 2.50172 0.0254363 -0.727786 -0.575865 -0.57619 -0.576188 -0.576058 -0.573798 -0.774813 0.454374 0.203404 0.239575 0.225303 0.239707 0.205471 0.407347 0.245456 -0.245453 -0.244767 0.24476 0.244832 -0.244828 -0.246547 0.244827 1 -0.246565 -0.246554 0.244852 0.24476 -0.242877 -0.243143 0.241248 7.00865e-06 -3.78217e-06 -0.000151016 6.03108e-05 0.00349705 -0.000866633 -0.0829852 0.00694329 1 -0.08317 -0.0828524 0.00691698 0.00348417 -0.000856327 -0.000167373 0.000153275 
1.7 -43.2759 -6.41413 2.50134 0.0254696 -0.727813 -0.575903 -0.576243 -0.57624 -0.576097 -0.573821 -0.774841 0.454347 0.203366 0.239522 0.22525 0.239668 0.205449 0.407319 0.245451 -0.245448 -0.244762 0.244753 0.244825 -0.244821 -0.246542 0.24482 1 -0.246561 -0.24655 0.244846 0.244755 -0.242872 -0.243137 0.241242 7.02019e-06 -3.78233e-06 -0.000151267 6.03065e-05 0.0035023 -0.000866426 -0.0830545 0.00695365 1 -0.0832259 -0.082911 0.0069246 0.00348804 -0.000856591 -0.000167568 0.000153447 
1.8 -43.2528 -6.41461 2.50086 0.0255119 -0.727848 -0.575951 -0.576311 -0.576308 -0.576146 -0.573849 -0.774872 0.454313 0.203318 0.239454 0.225182 0.239619 0.20542 0.407288 0.245445 -0.245441 -0.244754 0.244745 0.244816 -0.244811 -0.246536 0.24481 1 -0.246555 -0.246545 0.244839 0.244748 -0.242865 -0.24313 0.241235 7.04414e-06 -3.80266e-06 -0.000151709 6.06552e-05 0.00350914 -0.000870608 -0.0831425 0.00696722 1 -0.0832977 -0.0829844 0.0069348 0.00349307 -0.0008593 -0.000167896 0.00015381 
1.9 -43.2272 -6.41513 2.50034 0.0255572 -0.72789 -0.576002 -0.576384 -0.57638 -0.576196 -0.573879 -0.774904 0.454271 0.203268 0.239381 0.22511 0.239568 0.20539 0.407256 0.245438 -0.245434 -0.244747 0.244737 0.244807 -0.244801 -0.246529 0.244799 1 -0.246549 -0.246539 0.244832 0.244741 -0.242858 -0.243123 0.241227 7.07397e-06 -3.8348e-06 -0.00015221 6.11635e-05 0.00351671 -0.000876742 -0.0832365 0.00698189 1 -0.0833747 -0.0830589 0.00694522 0.00349833 -0.000862633 -0.000168253 0.000154229 
2 -43.199 -6.41563 2.49984 0.0256007 -0.727934 -0.576049 -0.576452 -0.57645 -0.576243 -0.573907 -0.774938 0.454226 0.20322 0.239312 0.225041 0.239521 0.205363 0.407222 0.245432 -0.245427 -0.244739 0.244728 0.244798 -0.244791 -0.246523 0.244789 1 -0.246543 -0.246534 0.244825 0.244734 -0.242851 -0.243116 0.24122 7.09679e-06 -3.85495e-06 -0.000152595 6.14225e-05 0.00352374 -0.000879745 -0.0833269 0.00699569 1 -0.0834482 -0.0831278 0.00695462 0.00350316 -0.000863951 -0.000168551 0.000154518 
2.1 -43.1679 -6.41615 2.49932 0.0256456 -0.72798 -0.576099 -0.576523 -0.576521 -0.576293 -0.573935 -0.774975 0.454181 0.20317 0.239242 0.224969 0.239472 0.205334 0.407185 0.245425 -0.24542 -0.244732 0.244719 0.244789 -0.244781 -0.246516 0.244778 1 -0.246537 -0.246529 0.244817 0.244726 -0.242843 -0.243109 0.241212 7.11238e-06 -3.85765e-06 -0.000152908 6.13965e-05 0.00353064 -0.000879269 -0.0834202 0.00700963 1 -0.0835231 -0.0832008 0.00696439 0.00350808 -0.000863636 -0.000168842 0.000154722 
2.2 -43.1336 -6.41676 2.49871 0.0256991 -0.728027 -0.576159 -0.576608 -0.576606 -0.576354 -0.573971 -0.775017 0.454133 0.20311 0.239156 0.224885 0.239411 0.205298 0.407143 0.245418 -0.245412 -0.244722 0.244709 0.244778 -0.244769 -0.246508 0.244766 1 -0.24653 -0.246522 0.244808 0.244718 -0.242834 -0.2431 0.241202 7.13443e-06 -3.86505e-06 -0.000153355 6.1506e-05 0.00353919 -0.00088024 -0.0835314 0.00702644 1 -0.0836128 -0.0832925 0.00697657 0.00351423 -0.000864602 -0.000169192 0.000155069 
2.3 -43.0957 -6.41751 2.49796 0.0257646 -0.728082 -0.576234 -0.576713 -0.57671 -0.57643 -0.574014 -0.775067 0.454079 0.203036 0.239052 0.224781 0.239335 0.205255 0.407093 0.245408 -0.245402 -0.244711 0.244696 0.244765 -0.244754 -0.246498 0.24475 1 -0.246521 -0.246514 0.244797 0.244707 -0.242823 -0.24309 0.241191 7.17064e-06 -3.89393e-06 -0.000154021 6.19895e-05 0.00354992 -0.000886053 -0.0836669 0.00704739 1 -0.0837232 -0.0834049 0.00699197 0.00352199 -0.000868274 -0.000169667 0.000155668 
2.4 -43.054 -6.41834 2.49713 0.0258376 -0.728146 -0.576315 -0.576829 -0.576826 -0.576511 -0.574062 -0.775125 0.454014 0.202954 0.238936 0.224665 0.239253 0.205208 0.407035 0.245398 -0.245391 -0.244699 0.244682 0.24475 -0.244737 -0.246488 0.244733 1 -0.246511 -0.246505 0.244784 0.244695 -0.242811 -0.243078 0.241178 7.21418e-06 -3.93673e-06 -0.000154774 6.26555e-05 0.00356184 -0.000894094 -0.0838181 0.00707092 1 -0.0838465 -0.083526 0.00700895 0.00353048 -0.000872718 -0.000170243 0.000156361 
2.5 -43.0081 -6.4192 2.49627 0.0259125 -0.728219 -0.576397 -0.576947 -0.576944 -0.576593 -0.574109 -0.775189 0.453941 0.202872 0.238818 0.224546 0.239171 0.20516 0.406971 0.245387 -0.245379 -0.244686 0.244668 0.244734 -0.24472 -0.246476 0.244715 1 -0.246502 -0.246496 0.244772 0.244683 -0.242798 -0.243065 0.241164 7.25328e-06 -3.9699e-06 -0.000155446 6.30973e-05 0.00357398 -0.00089916 -0.083973 0.00709478 1 -0.0839725 -0.0836467 0.00702542 0.00353887 -0.000875163 -0.000170777 0.000156917 
2.6 -42.9575 -6.4201 2.49537 0.0259904 -0.728296 -0.576483 -0.57707 -0.577067 -0.576679 -0.574159 -0.775258 0.453864 0.202786 0.238695 0.224423 0.239086 0.20511 0.406902 0.245375 -0.245367 -0.244673 0.244653 0.244718 -0.244703 -0.246465 0.244697 1 -0.246491 -0.246487 0.244759 0.24467 -0.242785 -0.243052 0.24115 7.28653e-06 -3.98598e-06 -0.000156066 6.32564e-05 0.00358635 -0.000900626 -0.084134 0.00711925 1 -0.0841027 -0.0837731 0.00704245 0.00354753 -0.000875916 -0.000171283 0.000157361 
2.7 -42.9018 -6.42111 2.49436 0.0260787 -0.728378 -0.576581 -0.577209 -0.577206 -0.576778 -0.574217 -0.775332 0.453782 0.202688 0.238556 0.224284 0.238987 0.205052 0.406828 0.245362 -0.245353 -0.244658 0.244636 0.2447 -0.244683 -0.246452 0.244676 1 -0.246479 -0.246476 0.244744 0.244656 -0.24277 -0.243037 0.241134 7.32591e-06 -4.00506e-06 -0.000156836 6.35288e-05 0.00360036 -0.000903595 -0.084316 0.0071471 1 -0.0842496 -0.0839207 0.00706263 0.00355763 -0.000878072 -0.000171896 0.000157944 
2.8 -42.8405 -6.42229 2.49318 0.0261826 -0.728468 -0.576698 -0.577373 -0.577369 -0.576896 -0.574286 -0.775413 0.453692 0.202572 0.238392 0.224121 0.238869 0.204984 0.406747 0.245347 -0.245337 -0.24464 0.244616 0.244679 -0.244659 -0.246436 0.244652 1 -0.246465 -0.246464 0.244726 0.244639 -0.242753 -0.24302 0.241116 7.38201e-06 -4.04827e-06 -0.000157869 6.42303e-05 0.00361734 -0.000911834 -0.0845299 0.00718034 1 -0.0844233 -0.0840963 0.00708677 0.00356981 -0.000883173 -0.000172649 0.000158794 
2.9 -42.773 -6.42362 2.49185 0.0263003 -0.728571 -0.576828 -0.577558 -0.577555 -0.577028 -0.574362 -0.775503 0.453589 0.202441 0.238207 0.223936 0.238737 0.204907 0.406657 0.24533 -0.245319 -0.24462 0.244593 0.244655 -0.244632 -0.246419 0.244624 1 -0.246449 -0.246449 0.244706 0.24462 -0.242734 -0.243001 0.241095 7.44944e-06 -4.10899e-06 -0.000159044 6.51606e-05 0.0036367 -0.00092275 -0.0847719 0.0072182 1 -0.0846204 -0.0842916 0.00711385 0.00358351 -0.000889242 -0.000173517 0.00015978 
3 -42.6989 -6.42504 2.49043 0.0264263 -0.728686 -0.576966 -0.577755 -0.577752 -0.577166 -0.574443 -0.775601 0.453474 0.202303 0.238009 0.223738 0.238599 0.204826 0.406559 0.245312 -0.2453 -0.244598 0.244568 0.244629 -0.244603 -0.2464 0.244594 1 -0.246433 -0.246434 0.244685 0.244599 -0.242713 -0.242981 0.241074 7.51522e-06 -4.16319e-06 -0.000160191 6.59008e-05 0.00365701 -0.00093126 -0.0850305 0.00725847 1 -0.0848306 -0.0844957 0.00714213 0.00359776 -0.000893579 -0.000174437 0.000160704 
3.1 -42.6173 -6.42655 2.48892 0.0265593 -0.728814 -0.577111 -0.577963 -0.577961 -0.577311 -0.574528 -0.775708 0.453346 0.202158 0.237802 0.22353 0.238454 0.204742 0.406452 0.245293 -0.245279 -0.244576 0.244542 0.244602 -0.244573 -0.24638 0.244563 1 -0.246415 -0.246418 0.244663 0.244578 -0.242691 -0.242959 0.24105 7.57825e-06 -4.20259e-06 -0.000161339 6.63876e-05 0.00367836 -0.00093656 -0.0853031 0.00730069 1 -0.0850515 -0.0847107 0.00717156 0.00361267 -0.0008964 -0.000175351 0.000161583 
3.2 -42.5277 -6.42822 2.48725 0.026706 -0.728952 -0.577272 -0.578192 -0.578189 -0.577473 -0.574622 -0.775827 0.453208 0.201997 0.237573 0.223301 0.238292 0.204647 0.406333 0.245271 -0.245256 -0.244551 0.244514 0.244572 -0.24454 -0.246358 0.244528 1 -0.246395 -0.2464 0.244638 0.244554 -0.242666 -0.242935 0.241024 7.64979e-06 -4.24514e-06 -0.000162675 6.6988e-05 0.00370206 -0.000943152 -0.0856029 0.00734734 1 -0.0852942 -0.0849514 0.00720479 0.00362944 -0.000900605 -0.000176367 0.000162648 
3.3 -42.4293 -6.43011 2.48536 0.0268741 -0.729102 -0.577458 -0.578453 -0.578449 -0.57766 -0.574732 -0.77596 0.453058 0.201812 0.237312 0.223041 0.238105 0.204538 0.4062 0.245247 -0.24523 -0.244522 0.244481 0.244537 -0.244501 -0.246333 0.244488 1 -0.246372 -0.246379 0.24461 0.244526 -0.242637 -0.242908 0.240994 7.73957e-06 -4.31248e-06 -0.000164316 6.80323e-05 0.00372938 -0.000955078 -0.0859451 0.00740116 1 -0.0855717 -0.0852298 0.00724372 0.00364901 -0.000907899 -0.000177606 0.000164037 
3.4 -42.3214 -6.43225 2.48322 0.0270646 -0.729269 -0.577667 -0.578748 -0.578745 -0.577871 -0.574854 -0.77611 0.452891 0.201603 0.237017 0.222746 0.237894 0.204415 0.40605 0.245219 -0.245201 -0.244489 0.244444 0.244498 -0.244458 -0.246304 0.244443 1 -0.246347 -0.246356 0.244577 0.244495 -0.242605 -0.242876 0.24096 7.84625e-06 -4.40302e-06 -0.000166196 6.93937e-05 0.00376063 -0.000970695 -0.0863323 0.00746252 1 -0.0858866 -0.0855431 0.00728745 0.00367112 -0.000916594 -0.000179017 0.000165616 
3.5 -42.2031 -6.43458 2.48089 0.0272735 -0.729456 -0.577893 -0.579071 -0.579068 -0.578098 -0.574987 -0.776276 0.452704 0.201376 0.236694 0.222423 0.237666 0.204282 0.405884 0.245189 -0.245168 -0.244453 0.244404 0.244455 -0.24441 -0.246273 0.244393 1 -0.246319 -0.246331 0.244542 0.244461 -0.242571 -0.242842 0.240923 7.95944e-06 -4.4948e-06 -0.000168163 7.06703e-05 0.0037948 -0.00098516 -0.0867559 0.00752972 1 -0.0862312 -0.0858807 0.00733457 0.00369498 -0.000924106 -0.000180528 0.000167193 
3.6 -42.0734 -6.43709 2.47838 0.0274983 -0.729663 -0.578135 -0.579416 -0.579413 -0.578341 -0.575129 -0.77646 0.452497 0.201134 0.236349 0.222077 0.237424 0.20414 0.4057 0.245156 -0.245133 -0.244415 0.24436 0.244408 -0.244359 -0.246239 0.24434 1 -0.246288 -0.246303 0.244504 0.244425 -0.242533 -0.242805 0.240883 8.07461e-06 -4.5762e-06 -0.000170213 7.17477e-05 0.00383117 -0.000997144 -0.0872104 0.00760178 1 -0.0865998 -0.0862404 0.00738502 0.0037204 -0.000930497 -0.000182134 0.000168785 
3.7 -41.9315 -6.43983 2.47564 0.0277435 -0.729891 -0.578399 -0.579791 -0.579788 -0.578607 -0.575285 -0.77666 0.452269 0.20087 0.235974 0.221702 0.237158 0.203984 0.4055 0.245119 -0.245094 -0.244373 0.244312 0.244358 -0.244303 -0.246203 0.244282 1 -0.246255 -0.246273 0.244463 0.244384 -0.242492 -0.242764 0.240839 8.20189e-06 -4.66218e-06 -0.000172526 7.29505e-05 0.00387103 -0.00101036 -0.0877042 0.00768044 1 -0.0869998 -0.0866346 0.00744054 0.00374839 -0.000938292 -0.000183887 0.0001706 
3.8 -41.7763 -6.44288 2.47259 0.0280182 -0.73014 -0.578696 -0.580209 -0.580206 -0.578906 -0.575462 -0.776879 0.45202 0.200573 0.235556 0.221284 0.236859 0.203808 0.405281 0.245079 -0.245051 -0.244325 0.244258 0.244301 -0.24424 -0.246161 0.244216 1 -0.246218 -0.24624 0.244416 0.244339 -0.242446 -0.242718 0.24079 8.35319e-06 -4.77502e-06 -0.000175237 7.46178e-05 0.00391618 -0.00102877 -0.0882546 0.00776902 1 -0.0874468 -0.0870794 0.00750359 0.00378025 -0.000949211 -0.000185903 0.0001728 
3.9 -41.6067 -6.44629 2.46918 0.0283283 -0.730414 -0.57903 -0.580679 -0.580675 -0.579241 -0.575659 -0.77712 0.451746 0.20024 0.235086 0.220815 0.236524 0.20361 0.40504 0.245034 -0.245003 -0.244272 0.244197 0.244237 -0.244168 -0.246114 0.244142 1 -0.246176 -0.246201 0.244363 0.244288 -0.242394 -0.242667 0.240735 8.52928e-06 -4.91864e-06 -0.00017832 7.67152e-05 0.00396721 -0.00105207 -0.0888731 0.00786942 1 -0.0879497 -0.0875796 0.00757496 0.00381627 -0.000962184 -0.000188224 0.000175326 
4 -41.4216 -6.45006 2.46541 0.0286728 -0.730717 -0.579396 -0.581198 -0.581194 -0.57961 -0.575876 -0.777387 0.451443 0.199873 0.234567 0.220296 0.236155 0.203393 0.404773 0.244983 -0.244949 -0.244213 0.24413 0.244165 -0.244089 -0.246062 0.24406 1 -0.246129 -0.246159 0.244304 0.244232 -0.242336 -0.24261 0.240674 8.72408e-06 -5.07757e-06 -0.00018169 7.89364e-05 0.0040239 -0.0010767 -0.0895577 0.00798116 1 -0.0885063 -0.0881285 0.00765335 0.00385587 -0.000975046 -0.000190771 0.000178024 
4.1 -41.2199 -6.45416 2.46131 0.0290489 -0.731053 -0.579792 -0.581761 -0.581758 -0.580008 -0.57611 -0.77768 0.451107 0.199477 0.234004 0.219733 0.235757 0.203159 0.40448 0.244928 -0.24489 -0.244148 0.244056 0.244087 -0.244002 -0.246005 0.243969 1 -0.246078 -0.246113 0.24424 0.24417 -0.242272 -0.242548 0.240607 8.93431e-06 -5.23834e-06 -0.000185336 8.11153e-05 0.00408592 -0.00110058 -0.0903022 0.00810331 1 -0.0891112 -0.0887209 0.00773827 0.00389881 -0.000987479 -0.000193524 0.000180885 
4.2 -41.0003 -6.45862 2.45685 0.0294595 -0.731423 -0.580223 -0.582371 -0.582368 -0.58044 -0.576366 -0.778004 0.450737 0.199047 0.233394 0.219123 0.235324 0.202904 0.404156 0.244867 -0.244825 -0.244077 0.243975 0.244002 -0.243907 -0.245943 0.243871 1 -0.246022 -0.246062 0.24417 0.244102 -0.242203 -0.24248 0.240533 9.16518e-06 -5.40858e-06 -0.000189381 8.34584e-05 0.00415355 -0.00112584 -0.0911099 0.00823676 1 -0.0897666 -0.0893642 0.00783156 0.00394583 -0.00100148 -0.000196559 0.000184087 
4.3 -40.7615 -6.46353 2.45194 0.0299133 -0.731831 -0.580697 -0.583039 -0.583036 -0.580918 -0.576649 -0.778362 0.450329 0.198572 0.232726 0.218455 0.234847 0.20262 0.403798 0.244799 -0.244754 -0.243998 0.243886 0.243907 -0.243802 -0.245874 0.243761 1 -0.24596 -0.246006 0.244093 0.244027 -0.242126 -0.242404 0.240451 9.42885e-06 -5.61075e-06 -0.000193992 8.63169e-05 0.00422866 -0.00115639 -0.091996 0.00838472 1 -0.0904864 -0.0900757 0.0079357 0.00399831 -0.0010188 -0.000199969 0.000187789 
4.4 -40.5024 -6.46897 2.4465 0.0304202 -0.732279 -0.581225 -0.58378 -0.583776 -0.58145 -0.576966 -0.778758 0.449881 0.198044 0.231985 0.217715 0.234315 0.202303 0.403402 0.244724 -0.244673 -0.24391 0.243786 0.243801 -0.243684 -0.245797 0.243638 1 -0.245891 -0.245943 0.244005 0.243943 -0.24204 -0.24232 0.24036 9.73404e-06 -5.85797e-06 -0.000199233 8.97969e-05 0.00431329 -0.00119345 -0.0929787 0.00855083 1 -0.0912867 -0.0908691 0.00805235 0.00405732 -0.00103903 -0.000203831 0.000191994 
4.5 -40.2216 -6.47498 2.44049 0.0309859 -0.732771 -0.581809 -0.584599 -0.584595 -0.582038 -0.577315 -0.779196 0.449389 0.197461 0.231166 0.216895 0.233727 0.201954 0.402964 0.24464 -0.244584 -0.243811 0.243674 0.243682 -0.243552 -0.24571 0.243501 1 -0.245813 -0.245873 0.243908 0.243849 -0.241943 -0.242225 0.240258 1.00801e-05 -6.14422e-06 -0.000205076 9.3728e-05 0.00440793 -0.00123518 -0.0940679 0.00873692 1 -0.0921743 -0.0917465 0.00818228 0.004123 -0.00106069 -0.000208163 0.000196631 
4.6 -39.9178 -6.48156 2.43391 0.0316112 -0.733313 -0.582445 -0.585496 -0.585492 -0.582678 -0.577696 -0.779679 0.448847 0.196824 0.230269 0.215998 0.233087 0.201573 0.402481 0.244547 -0.244485 -0.243702 0.24355 0.243551 -0.243406 -0.245615 0.243349 1 -0.245727 -0.245795 0.2438 0.243745 -0.241837 -0.24212 0.240146 1.04655e-05 -6.45873e-06 -0.000211555 9.79642e-05 0.00451257 -0.00127987 -0.0952635 0.00894323 1 -0.0931476 -0.0927035 0.0083253 0.00419516 -0.00108341 -0.000212945 0.000201707 
4.7 -39.5898 -6.48872 2.42675 0.0322972 -0.733911 -0.583135 -0.58647 -0.586466 -0.583372 -0.57811 -0.780211 0.448249 0.196134 0.229295 0.215024 0.232393 0.201159 0.401949 0.244444 -0.244375 -0.243582 0.243413 0.243406 -0.243245 -0.245509 0.243181 1 -0.245633 -0.245709 0.243682 0.243631 -0.24172 -0.242005 0.240022 1.08963e-05 -6.80385e-06 -0.000218794 0.000102601 0.00462801 -0.00132807 -0.0965647 0.00917047 1 -0.0942066 -0.0937418 0.00848202 0.00427431 -0.00110838 -0.000218222 0.000207356 
4.8 -39.2363 -6.49654 2.41893 0.0330513 -0.73457 -0.583888 -0.587527 -0.587523 -0.58413 -0.578566 -0.780795 0.44759 0.195381 0.228238 0.213967 0.231635 0.200703 0.401365 0.244331 -0.244254 -0.24345 0.243262 0.243247 -0.243068 -0.245393 0.242996 1 -0.245529 -0.245615 0.243551 0.243505 -0.241592 -0.241877 0.239885 1.13842e-05 -7.19809e-06 -0.000226948 0.000107923 0.0047556 -0.00138236 -0.0979807 0.0094213 1 -0.09536 -0.0948749 0.00865546 0.00436187 -0.00113715 -0.000224114 0.000213755 
4.9 -38.8563 -6.50511 2.41036 0.0338857 -0.735294 -0.584715 -0.588681 -0.588677 -0.584963 -0.57907 -0.781436 0.446866 0.194554 0.227084 0.212813 0.230802 0.200199 0.400724 0.244205 -0.24412 -0.243302 0.243095 0.243069 -0.24287 -0.245264 0.24279 1 -0.245413 -0.24551 0.243406 0.243364 -0.241448 -0.241736 0.239733 1.19423e-05 -7.66389e-06 -0.000236165 0.000114179 0.00489742 -0.00144536 -0.0995302 0.00970015 1 -0.0966246 -0.0961216 0.008849 0.00445949 -0.0011702 -0.000230758 0.000221007 
5 -38.4485 -6.51453 2.40094 0.0348129 -0.736087 -0.585625 -0.589947 -0.589942 -0.585879 -0.579626 -0.782141 0.446073 0.193644 0.225818 0.211549 0.229886 0.199644 0.400019 0.244064 -0.24397 -0.243138 0.242908 0.242871 -0.24265 -0.245119 0.242561 1 -0.245283 -0.245392 0.243243 0.243208 -0.241288 -0.241579 0.239564 1.25831e-05 -8.21385e-06 -0.000246575 0.000121447 0.00505606 -0.00151785 -0.101232 0.0100118 1 -0.0980174 -0.0974962 0.00906446 0.0045684 -0.00120688 -0.000238247 0.000229137 
5.1 -38.0122 -6.52484 2.39063 0.0358421 -0.736959 -0.58662 -0.591331 -0.591326 -0.586882 -0.580233 -0.782917 0.445202 0.192649 0.224434 0.210165 0.228883 0.199036 0.399243 0.243907 -0.243803 -0.242955 0.2427 0.24265 -0.242404 -0.244958 0.242304 1 -0.245139 -0.245261 0.243062 0.243033 -0.24111 -0.241404 0.239376 1.33172e-05 -8.85022e-06 -0.000258312 0.000129712 0.00523338 -0.00159934 -0.1031 0.0103598 1 -0.0995483 -0.0990033 0.00930341 0.00468932 -0.00124694 -0.000246629 0.000238217 
5.2 -37.5464 -6.53607 2.3794 0.0369796 -0.737915 -0.587702 -0.592837 -0.592832 -0.587971 -0.580895 -0.78377 0.444245 0.191567 0.222928 0.208659 0.227794 0.198374 0.39839 0.243733 -0.243618 -0.242751 0.242468 0.242405 -0.242131 -0.244779 0.24202 1 -0.244979 -0.245116 0.242862 0.242839 -0.240913 -0.241209 0.239168 1.41548e-05 -9.57804e-06 -0.000271556 0.000139063 0.00543039 -0.00169011 -0.10514 0.0107467 1 -0.10122 -0.100644 0.00956791 0.00482289 -0.00129135 -0.000255989 0.000248425 
5.3 -37.0505 -6.54829 2.36718 0.0382319 -0.738965 -0.588874 -0.594467 -0.594461 -0.589151 -0.581617 -0.784708 0.443195 0.190396 0.221298 0.207029 0.226614 0.197653 0.397452 0.24354 -0.243412 -0.242527 0.242213 0.242135 -0.241829 -0.244581 0.241704 1 -0.244802 -0.244955 0.24264 0.242625 -0.240694 -0.240994 0.238937 1.51123e-05 -1.04171e-05 -0.000286557 0.000149768 0.00564865 -0.0017921 -0.107356 0.0111755 1 -0.103038 -0.102423 0.0098602 0.00497036 -0.00134139 -0.000266489 0.000259973 
5.4 -36.5242 -6.56156 2.35391 0.0396099 -0.740116 -0.590146 -0.596227 -0.596221 -0.590433 -0.582407 -0.785738 0.442044 0.189124 0.219538 0.205269 0.225332 0.196862 0.396422 0.243327 -0.243184 -0.242278 0.241929 0.241835 -0.241494 -0.244362 0.241355 1 -0.244606 -0.244777 0.242395 0.242388 -0.240452 -0.240755 0.238681 1.62144e-05 -1.14004e-05 -0.000303581 0.000162171 0.005891 -0.00190782 -0.109759 0.0116507 1 -0.105012 -0.104357 0.0101837 0.00513379 -0.00139782 -0.000278307 0.000273046 
5.5 -35.9671 -6.57599 2.33949 0.0411294 -0.741378 -0.591529 -0.598129 -0.598122 -0.591828 -0.583274 -0.786869 0.440782 0.18774 0.217636 0.203368 0.223937 0.195995 0.395291 0.243089 -0.242931 -0.242001 0.241614 0.241501 -0.241123 -0.244118 0.240967 1 -0.244388 -0.244579 0.242122 0.242124 -0.240184 -0.240491 0.238398 1.74899e-05 -1.25646e-05 -0.000322898 0.000176601 0.00616071 -0.00203956 -0.112365 0.0121787 1 -0.107161 -0.106464 0.0105433 0.00531555 -0.00146112 -0.000291634 0.000287837 
5.6 -35.3793 -6.59167 2.3238 0.0428084 -0.742758 -0.593034 -0.600185 -0.600178 -0.593345 -0.584222 -0.788111 0.439403 0.186236 0.21558 0.201312 0.22242 0.195047 0.394049 0.242825 -0.242649 -0.241693 0.241264 0.24113 -0.240709 -0.243847 0.240535 1 -0.244146 -0.244359 0.241818 0.24183 -0.239885 -0.240196 0.238082 1.89706e-05 -1.39454e-05 -0.000344852 0.000193376 0.00646122 -0.00218963 -0.115194 0.0127668 1 -0.109504 -0.108761 0.0109438 0.00551789 -0.00153182 -0.000306718 0.000304579 
5.7 -34.7612 -6.60869 2.30678 0.0446634 -0.744265 -0.594665 -0.602407 -0.602399 -0.59499 -0.585254 -0.789471 0.437895 0.184605 0.213358 0.199091 0.220775 0.194016 0.392689 0.24253 -0.242336 -0.24135 0.240874 0.240717 -0.240249 -0.243545 0.240055 1 -0.243876 -0.244113 0.24148 0.241504 -0.239553 -0.239868 0.237732 2.06954e-05 -1.55806e-05 -0.000369892 0.000212872 0.00679636 -0.00236041 -0.118264 0.0134221 1 -0.112056 -0.111261 0.0113884 0.00574275 -0.00161087 -0.000323789 0.000323568 
5.8 -34.1133 -6.62711 2.28837 0.0467087 -0.745911 -0.596425 -0.604799 -0.60479 -0.596766 -0.586373 -0.790961 0.436249 0.182845 0.210966 0.1967 0.218998 0.192896 0.391199 0.242203 -0.241986 -0.240968 0.24044 0.240257 -0.239737 -0.24321 0.23952 1 -0.243577 -0.243841 0.241104 0.24114 -0.239185 -0.239504 0.237343 2.27113e-05 -1.75184e-05 -0.000398545 0.00023558 0.00717009 -0.00255456 -0.121587 0.0141518 1 -0.114828 -0.113969 0.0118812 0.00599213 -0.0016998 -0.000343073 0.000345177 
5.9 -33.4367 -6.64697 2.2685 0.0489585 -0.747707 -0.598318 -0.607364 -0.607354 -0.598678 -0.587587 -0.792591 0.434453 0.180951 0.208401 0.194136 0.217087 0.191682 0.389569 0.241839 -0.241598 -0.240545 0.239959 0.239748 -0.239169 -0.242837 0.238927 1 -0.243245 -0.243538 0.240688 0.240737 -0.238777 -0.239099 0.236912 2.50723e-05 -1.98255e-05 -0.000431372 0.000262119 0.00758609 -0.00277545 -0.125171 0.0149625 1 -0.117828 -0.116892 0.0124276 0.00626842 -0.00180028 -0.00036491 0.000369834 
6 -32.7325 -6.66837 2.24711 0.0514281 -0.749667 -0.600353 -0.610104 -0.610094 -0.600733 -0.588906 -0.794371 0.432493 0.178916 0.205661 0.191397 0.215032 0.190364 0.387789 0.241435 -0.241168 -0.240077 0.239426 0.239183 -0.23854 -0.242424 0.23827 1 -0.242878 -0.243203 0.240226 0.24029 -0.238324 -0.238651 0.236434 2.78439e-05 -2.259e-05 -0.00046898 0.000293234 0.00804814 -0.00302724 -0.129025 0.0158618 1 -0.121064 -0.12004 0.0130337 0.00657466 -0.00191359 -0.000389742 0.00039799 
6.1 -32.0025 -6.69136 2.22411 0.0541351 -0.7518 -0.602536 -0.613022 -0.613011 -0.602939 -0.590337 -0.796313 0.43036 0.176733 0.202743 0.18848 0.212826 0.188932 0.385847 0.240987 -0.24069 -0.239556 0.238834 0.238557 -0.237844 -0.241967 0.237543 1 -0.242471 -0.24283 0.239714 0.239795 -0.237822 -0.238155 0.235906 3.11104e-05 -2.59196e-05 -0.000512088 0.000329765 0.00856104 -0.00331443 -0.133154 0.0168584 1 -0.124552 -0.123427 0.0137059 0.00691448 -0.00204091 -0.000417996 0.000430142 
6.2 -31.2484 -6.71603 2.19944 0.0570996 -0.754121 -0.604877 -0.616122 -0.616109 -0.605306 -0.591887 -0.798431 0.42804 0.174393 0.199643 0.185381 0.210459 0.187383 0.383729 0.24049 -0.24016 -0.238979 0.238179 0.237864 -0.237074 -0.241461 0.236739 1 -0.242021 -0.242417 0.239147 0.239245 -0.237266 -0.237605 0.23532 3.49775e-05 -2.99417e-05 -0.000561557 0.000372666 0.00913076 -0.00364152 -0.137571 0.0179626 1 -0.128307 -0.127071 0.0144515 0.00729186 -0.00218407 -0.00045015 0.000466926 
6.3 -30.4725 -6.74244 2.17303 0.0603435 -0.756639 -0.607379 -0.619408 -0.619393 -0.607838 -0.59356 -0.800736 0.425521 0.171891 0.196357 0.182097 0.207927 0.18571 0.381424 0.239939 -0.239571 -0.238339 0.237452 0.237095 -0.236221 -0.2409 0.235849 1 -0.241522 -0.241959 0.238517 0.238635 -0.23665 -0.236995 0.234671 3.95731e-05 -3.48094e-05 -0.000618437 0.0004231 0.00976384 -0.00401363 -0.142284 0.0191856 1 -0.132347 -0.130985 0.0152787 0.00771089 -0.00234566 -0.000486867 0.000509156 
6.4 -29.6774 -6.77065 2.14482 0.0638888 -0.759368 -0.610045 -0.622881 -0.622865 -0.610538 -0.59536 -0.803244 0.422792 0.169224 0.192884 0.178625 0.205227 0.183909 0.378916 0.239327 -0.238918 -0.23763 0.236647 0.236243 -0.235278 -0.240279 0.234867 1 -0.240971 -0.241452 0.237821 0.237959 -0.235968 -0.23632 0.233953 4.50542e-05 -4.07154e-05 -0.000684015 0.000482519 0.0104669 -0.00443706 -0.147303 0.0205392 1 -0.136686 -0.135179 0.0161965 0.00817582 -0.00252861 -0.00052893 0.00055779 
6.5 -28.8657 -6.8007 2.11477 0.0677555 -0.762322 -0.612877 -0.62654 -0.626522 -0.613408 -0.597294 -0.805967 0.419838 0.166393 0.189225 0.174969 0.202357 0.181976 0.376193 0.23865 -0.238195 -0.236845 0.235756 0.235302 -0.234237 -0.239594 0.233783 1 -0.240364 -0.240891 0.23705 0.237211 -0.235215 -0.235572 0.23316 5.16114e-05 -4.79043e-05 -0.000759723 0.000552646 0.0112461 -0.00491932 -0.152634 0.0220352 1 -0.141333 -0.139658 0.0172133 0.00869105 -0.00273598 -0.000577149 0.000613884 
6.6 -28.0407 -6.8326 2.08287 0.0719644 -0.765515 -0.615874 -0.630379 -0.63036 -0.616448 -0.599367 -0.808921 0.416645 0.163396 0.185386 0.171131 0.199317 0.179902 0.373239 0.2379 -0.237394 -0.235977 0.234772 0.234266 -0.23309 -0.23884 0.232589 1 -0.239694 -0.240271 0.236199 0.236384 -0.234383 -0.234746 0.232284 5.9475e-05 -5.66762e-05 -0.000847095 0.000635451 0.0121061 -0.00546861 -0.158277 0.0236855 1 -0.146296 -0.144425 0.0183383 0.00926126 -0.00297093 -0.000632409 0.000678618 
6.7 -27.2054 -6.86639 2.04908 0.0765323 -0.76896 -0.619034 -0.63439 -0.634368 -0.619659 -0.601587 -0.812118 0.4132 0.160235 0.181375 0.167122 0.196106 0.177683 0.370042 0.237072 -0.23651 -0.235021 0.233686 0.233127 -0.231825 -0.238013 0.231279 1 -0.238959 -0.239587 0.235261 0.235472 -0.233466 -0.233835 0.231318 6.946e-05 -6.77948e-05 -0.00095559 0.000737069 0.0130523 -0.00609212 -0.164228 0.0255006 1 -0.15158 -0.149482 0.0195811 0.00989179 -0.00323704 -0.000695849 0.000753366 
6.8 -26.3633 -6.90205 2.01342 0.0814703 -0.772672 -0.622357 -0.638566 -0.638535 -0.623042 -0.603958 -0.815572 0.409488 0.156912 0.177199 0.162955 0.192723 0.175312 0.366588 0.236159 -0.235533 -0.233966 0.23249 0.231868 -0.230435 -0.237104 0.229845 1 -0.238152 -0.238835 0.234228 0.234467 -0.232456 -0.23283 0.230256 8.16436e-05 -8.17075e-05 -0.00108242 0.000860078 0.014099 -0.00680102 -0.17048 0.0274926 1 -0.157192 -0.154837 0.0209542 0.0105889 -0.00353846 -0.000768886 0.000839784 
6.9 -25.5179 -6.93959 1.97588 0.0867926 -0.776659 -0.625846 -0.642888 -0.642849 -0.626598 -0.606482 -0.819296 0.405501 0.153423 0.172877 0.158641 0.189167 0.172788 0.362864 0.235153 -0.234459 -0.232804 0.231177 0.230484 -0.228922 -0.236103 0.228283 1 -0.237269 -0.238013 0.233093 0.233364 -0.231346 -0.231726 0.229089 9.59279e-05 -9.94559e-05 -0.00121815 0.00100001 0.0152614 -0.00760954 -0.177021 0.0296745 1 -0.163136 -0.160492 0.0224696 0.0113547 -0.00387992 -0.000852711 0.000939681 
7 -24.6726 -6.97897 1.9365 0.0925154 -0.780935 -0.629496 -0.64734 -0.647299 -0.630319 -0.609162 -0.823302 0.401225 0.149773 0.168425 0.154192 0.185445 0.170108 0.358858 0.234047 -0.233277 -0.231528 0.229739 0.228972 -0.227282 -0.235007 0.226582 1 -0.236304 -0.237116 0.231849 0.232157 -0.230129 -0.230513 0.227809 0.000113002 -0.000122912 -0.00137033 0.00115814 0.016543 -0.00852712 -0.183838 0.032058 1 -0.169416 -0.166438 0.0241404 0.0121956 -0.0042669 -0.000949109 0.00105523 
7.1 -23.8312 -7.02014 1.89533 0.0986561 -0.785516 -0.633291 -0.65191 -0.651872 -0.634193 -0.612004 -0.827601 0.396644 0.145978 0.163855 0.149618 0.181572 0.167266 0.354559 0.232835 -0.231981 -0.230132 0.228168 0.227327 -0.225497 -0.233817 0.224737 1 -0.235256 -0.236128 0.230489 0.23083 -0.228799 -0.229185 0.226408 0.000133538 -0.000150377 -0.00155056 0.0013433 0.0179395 -0.00955348 -0.190926 0.0346539 1 -0.17603 -0.172659 0.0259801 0.013127 -0.0047066 -0.00106079 0.00118943 
7.2 -22.997 -7.06302 1.85245 0.105219 -0.790414 -0.637215 -0.656586 -0.656548 -0.63821 -0.615007 -0.832203 0.391746 0.142055 0.159179 0.144942 0.177555 0.164263 0.349957 0.231509 -0.230563 -0.22861 0.226456 0.225541 -0.223555 -0.232532 0.222742 1 -0.234123 -0.23504 0.229005 0.229374 -0.227349 -0.227734 0.224879 0.000161914 -0.00018203 -0.00180759 0.00157004 0.0194492 -0.0106923 -0.198266 0.0374686 1 -0.182973 -0.179144 0.0279985 0.0141583 -0.00520464 -0.0011904 0.00134535 
7.3 -22.1736 -7.10753 1.80794 0.112193 -0.795628 -0.641256 -0.661348 -0.661296 -0.642365 -0.618162 -0.837117 0.386532 0.138014 0.154416 0.140195 0.1734 0.161108 0.345043 0.230061 -0.229014 -0.22696 0.224593 0.223605 -0.22145 -0.231145 0.220593 1 -0.232901 -0.233854 0.227391 0.227784 -0.225768 -0.226152 0.223215 0.000207032 -0.000221091 -0.00215963 0.00184501 0.0210819 -0.0119531 -0.205825 0.0405057 1 -0.190234 -0.185889 0.0302041 0.0152876 -0.00577748 -0.00134243 0.00152814 
7.4 -21.3642 -7.15355 1.76192 0.119572 -0.80116 -0.645411 -0.666168 -0.66609 -0.646651 -0.621462 -0.842351 0.381 0.133859 0.149597 0.135401 0.169114 0.157808 0.339809 0.228484 -0.227327 -0.225159 0.222572 0.221503 -0.219184 -0.229646 0.218292 1 -0.231584 -0.232577 0.225642 0.226064 -0.22405 -0.224435 0.221407 0.00026321 -0.000270111 -0.00251859 0.00216089 0.0228601 -0.0133528 -0.213576 0.0437709 1 -0.197808 -0.192886 0.032607 0.016511 -0.0064451 -0.00156203 0.00174881 
7.5 -20.5719 -7.20098 1.71449 0.127355 -0.807022 -0.649667 -0.671019 -0.670914 -0.651056 -0.624903 -0.84791 0.375138 0.129602 0.144746 0.130576 0.164709 0.154367 0.33425 0.226768 -0.225497 -0.223195 0.220386 0.219231 -0.216766 -0.228031 0.215837 1 -0.23017 -0.231209 0.22375 0.224213 -0.22219 -0.222576 0.219449 0.000316203 -0.000329824 -0.00283168 0.00251199 0.0248025 -0.0149132 -0.221491 0.0472718 1 -0.205689 -0.200123 0.0352219 0.0178379 -0.00721224 -0.00186176 0.00201105 
7.6 -19.7997 -7.24969 1.66578 0.135552 -0.813221 -0.654006 -0.675878 -0.675756 -0.655559 -0.628481 -0.853799 0.368939 0.125263 0.139887 0.125734 0.160205 0.150788 0.328361 0.224909 -0.223515 -0.221066 0.218035 0.21679 -0.214198 -0.226301 0.213231 1 -0.22866 -0.229739 0.221713 0.222212 -0.220181 -0.220562 0.217333 0.000364022 -0.000400171 -0.00313275 0.00291189 0.0269358 -0.016657 -0.229546 0.0510114 1 -0.213868 -0.20758 0.0380635 0.0192869 -0.00807047 -0.00215771 0.00230617 
7.7 -19.0501 -7.29952 1.61596 0.144163 -0.819759 -0.658406 -0.680729 -0.680601 -0.660136 -0.632192 -0.860015 0.362401 0.120864 0.135036 0.12089 0.155629 0.147077 0.322145 0.2229 -0.221373 -0.218779 0.215515 0.214185 -0.211473 -0.22446 0.210475 1 -0.227058 -0.228156 0.219527 0.220043 -0.218019 -0.218381 0.215054 0.000426945 -0.000529626 -0.00350933 0.00345161 0.029282 -0.0186011 -0.237706 0.0549879 1 -0.222325 -0.215232 0.0411385 0.0208965 -0.0090077 -0.00241308 0.00263158 
7.8 -18.3254 -7.35029 1.56518 0.153174 -0.826629 -0.662842 -0.685556 -0.685425 -0.664766 -0.63603 -0.86655 0.355531 0.116428 0.130209 0.116066 0.150999 0.14324 0.31561 0.220737 -0.219069 -0.216334 0.212823 0.211419 -0.208584 -0.222514 0.207574 1 -0.225368 -0.226455 0.217192 0.217702 -0.215699 -0.21603 0.212606 0.000524376 -0.000722396 -0.00402584 0.00415351 0.0317986 -0.020734 -0.245928 0.0591961 1 -0.231036 -0.223046 0.044451 0.0227208 -0.0100268 -0.00266878 0.00300161 
7.9 -17.6278 -7.40183 1.51364 0.162555 -0.833826 -0.667291 -0.690341 -0.690201 -0.669436 -0.639981 -0.873392 0.348334 0.111978 0.125424 0.11129 0.146329 0.139288 0.308768 0.218415 -0.216596 -0.213729 0.209953 0.208491 -0.205526 -0.220465 0.204533 1 -0.223593 -0.224637 0.214706 0.215194 -0.213218 -0.213513 0.209986 0.000657048 -0.000787293 -0.00469288 0.00497244 0.0344651 -0.0230263 -0.254176 0.063629 1 -0.239977 -0.230977 0.048011 0.0247151 -0.0111482 -0.00299672 0.00343388 
8 -16.9589 -7.45397 1.4615 0.172263 -0.841341 -0.671735 -0.69507 -0.6949 -0.674136 -0.644032 -0.880532 0.340819 0.107534 0.120695 0.106591 0.141629 0.135237 0.301628 0.215926 -0.213946 -0.210954 0.206901 0.205394 -0.202305 -0.218313 0.201358 1 -0.221736 -0.222707 0.212067 0.212528 -0.210571 -0.210834 0.207191 0.000932287 -0.00137866 -0.00587199 0.00595053 0.0373131 -0.0254722 -0.262419 0.0682831 1 -0.249125 -0.238989 0.0518277 0.026851 -0.0123917 -0.00352544 0.00396915 
8.1 -16.32 -7.50654 1.40893 0.182259 -0.849169 -0.676159 -0.699721 -0.6995 -0.678858 -0.648168 -0.887958 0.332991 0.103111 0.116044 0.10199 0.136907 0.131101 0.294202 0.213265 -0.211118 -0.207996 0.203667 0.202127 -0.198933 -0.216056 0.198057 1 -0.219795 -0.220672 0.209276 0.209707 -0.207761 -0.207989 0.20422 0.0013931 -0.00234642 -0.00750597 0.00703996 0.0403481 -0.0280991 -0.270632 0.0731576 1 -0.258462 -0.247055 0.0559091 0.0291477 -0.0137894 -0.0046909 0.00466621 
8.2 -15.7123 -7.55938 1.35609 0.192507 -0.857303 -0.680544 -0.704276 -0.703986 -0.683587 -0.65237 -0.895659 0.324857 0.0987249 0.111489 0.0975047 0.132178 0.126899 0.286501 0.210426 -0.20811 -0.204849 0.200257 0.198694 -0.19543 -0.213696 0.194642 1 -0.217776 -0.218534 0.206335 0.206729 -0.204792 -0.204968 0.201072 0.00198167 -0.00337463 -0.00948243 0.00819916 0.0435666 -0.0309426 -0.278792 0.078246 1 -0.267965 -0.25516 0.060259 0.0315928 -0.0153858 -0.00630547 0.00551068 
8.3 -15.1364 -7.6123 1.30317 0.202981 -0.865732 -0.684874 -0.708718 -0.708347 -0.688302 -0.656623 -0.903622 0.316428 0.0943949 0.107047 0.0931433 0.127463 0.122647 0.278538 0.207404 -0.20492 -0.201516 0.196681 0.195108 -0.191818 -0.211239 0.191127 1 -0.215686 -0.216295 0.203248 0.203585 -0.201661 -0.201764 0.197745 0.00262421 -0.00421801 -0.0116121 0.00940227 0.0469447 -0.0340308 -0.286871 0.083532 1 -0.277605 -0.263285 0.0648764 0.0341717 -0.0172222 -0.00804961 0.00647037 
8.4 -14.5928 -7.66511 1.25036 0.213656 -0.874439 -0.689129 -0.713031 -0.712578 -0.692976 -0.66091 -0.911827 0.307721 0.0901404 0.102733 0.088912 0.122789 0.11836 0.270333 0.204196 -0.201546 -0.198004 0.192948 0.191385 -0.188111 -0.208698 0.187532 1 -0.213536 -0.213958 0.200022 0.200265 -0.198364 -0.198372 0.19424 0.00325361 -0.00480653 -0.0136683 0.0106489 0.0504371 -0.037369 -0.294839 0.0889896 1 -0.287348 -0.271403 0.0697486 0.0368773 -0.0192921 -0.00972164 0.00752201 
8.5 -14.0815 -7.71759 1.19788 0.224507 -0.883403 -0.693287 -0.717209 -0.716675 -0.697584 -0.665215 -0.920248 0.298757 0.0859821 0.0985556 0.0848158 0.118181 0.114054 0.261912 0.200803 -0.197991 -0.194323 0.189068 0.187543 -0.184317 -0.206092 0.183876 1 -0.211341 -0.211527 0.196668 0.196766 -0.194899 -0.194792 0.190558 0.00382824 -0.00520818 -0.0154582 0.0119488 0.0539985 -0.0409444 -0.302662 0.0945845 1 -0.297161 -0.279474 0.0748546 0.0397081 -0.0215705 -0.0112414 0.008656 
8.6 -13.6024 -7.76955 1.14592 0.235505 -0.892598 -0.697332 -0.721247 -0.720632 -0.702107 -0.669523 -0.928853 0.289562 0.0819373 0.0945181 0.0808579 0.113658 0.109747 0.253307 0.197224 -0.194257 -0.190486 0.185045 0.183598 -0.180439 -0.203435 0.180179 1 -0.209117 -0.209005 0.193196 0.193091 -0.191267 -0.191029 0.186703 0.00434816 -0.00556787 -0.0169249 0.0133236 0.0575996 -0.0447205 -0.310304 0.100281 1 -0.307015 -0.287453 0.0801708 0.0426648 -0.0240445 -0.0126088 0.00987639 
8.7 -13.155 -7.82078 1.09469 0.246619 -0.901994 -0.701251 -0.725143 -0.72445 -0.706533 -0.673814 -0.937608 0.280166 0.0780188 0.0906221 0.0770402 0.109232 0.105456 0.244552 0.193458 -0.190346 -0.186499 0.180886 0.17956 -0.176481 -0.20074 0.176457 1 -0.206879 -0.206404 0.189622 0.189254 -0.187476 -0.187095 0.182682 0.00483742 -0.00598532 -0.0181111 0.0147948 0.0612397 -0.0486487 -0.31774 0.106046 1 -0.31689 -0.295298 0.0856741 0.0457475 -0.0267201 -0.0138649 0.0111977 
8.8 -12.7387 -7.8711 1.04437 0.257809 -0.911562 -0.705033 -0.7289 -0.728125 -0.710857 -0.678072 -0.946477 0.270598 0.0742367 0.0868648 0.0733653 0.104908 0.101197 0.235683 0.189508 -0.18626 -0.182366 0.176596 0.175437 -0.172448 -0.198015 0.172721 1 -0.204638 -0.203732 0.18596 0.185275 -0.183541 -0.182999 0.178502 0.00534154 -0.00650292 -0.0191666 0.0163851 0.0649414 -0.0526745 -0.324951 0.111856 1 -0.326773 -0.302974 0.0913437 0.0489528 -0.0296102 -0.0150701 0.0126387 
8.9 -12.3527 -7.92038 0.995088 0.269038 -0.921273 -0.70867 -0.732524 -0.731655 -0.715077 -0.682284 -0.955427 0.260887 0.0705992 0.0832411 0.0698356 0.100688 0.0969854 0.226733 0.185374 -0.182003 -0.178088 0.172184 0.171238 -0.168356 -0.195265 0.168979 1 -0.202403 -0.201 0.182224 0.181174 -0.179478 -0.178752 0.174172 0.00591482 -0.00713001 -0.0202919 0.0181158 0.068739 -0.0567486 -0.33193 0.117696 1 -0.336653 -0.310457 0.097163 0.0522831 -0.0327252 -0.0162951 0.0142229 
9 -11.9958 -7.96849 0.946981 0.280276 -0.931099 -0.712157 -0.736018 -0.735037 -0.719196 -0.686436 -0.964428 0.251061 0.0671122 0.0797468 0.0664538 0.0965686 0.092833 0.217732 0.181059 -0.17758 -0.173669 0.167664 0.166975 -0.164225 -0.19249 0.165238 1 -0.200181 -0.198218 0.178425 0.176964 -0.175302 -0.174363 0.169702 0.00661806 -0.00789761 -0.0216704 0.0200089 0.0726621 -0.0608353 -0.338675 0.123559 1 -0.346519 -0.317739 0.103122 0.0557418 -0.0360584 -0.0176211 0.0159704 
9.1 -11.667 -8.01532 0.900147 0.291497 -0.941011 -0.71549 -0.739386 -0.738269 -0.723213 -0.69052 -0.973451 0.241149 0.0637794 0.0763792 0.0632216 0.0925516 0.088749 0.208709 0.176563 -0.172998 -0.169115 0.163054 0.162663 -0.160075 -0.189696 0.161503 1 -0.197974 -0.195394 0.174572 0.172655 -0.171023 -0.169838 0.165103 0.00751027 -0.00887277 -0.0234193 0.0220834 0.0767212 -0.0649173 -0.345186 0.129441 1 -0.356354 -0.324821 0.109214 0.0593332 -0.0395841 -0.019153 0.0179139 
9.2 -11.365 -8.0608 0.854671 0.302685 -0.95098 -0.718667 -0.742628 -0.74135 -0.727125 -0.694528 -0.98247 0.23118 0.0606026 0.0731369 0.0601398 0.0886394 0.084741 0.19969 0.171888 -0.168263 -0.164435 0.158368 0.15832 -0.155923 -0.186886 0.15778 1 -0.195786 -0.192537 0.170672 0.168248 -0.166646 -0.165184 0.160385 0.00863857 -0.0101062 -0.0256055 0.0243468 0.0809034 -0.0689946 -0.351459 0.135337 1 -0.366136 -0.331712 0.115436 0.0630702 -0.0432637 -0.0209797 0.0200182 
9.3 -11.0884 -8.10485 0.810625 0.313828 -0.960975 -0.721688 -0.745745 -0.744282 -0.73093 -0.698451 -0.991456 0.221185 0.0575815 0.07002 0.0572079 0.084835 0.0808179 0.190704 0.167038 -0.163381 -0.159641 0.153619 0.153963 -0.151781 -0.18407 0.154077 1 -0.193621 -0.189654 0.166729 0.16374 -0.162174 -0.160405 0.155561 0.0100276 -0.0116385 -0.0282147 0.0267939 0.0851777 -0.0730834 -0.357486 0.141237 1 -0.375837 -0.338429 0.121776 0.0669662 -0.0470848 -0.0231812 0.0223533 
9.4 -10.8359 -8.1474 0.768071 0.324923 -0.970966 -0.724556 -0.748736 -0.747066 -0.734623 -0.70228 -1.00038 0.211194 0.0547133 0.0670285 0.0544242 0.0811423 0.0769896 0.181777 0.162016 -0.158355 -0.15475 0.148812 0.149609 -0.147652 -0.181257 0.150405 1 -0.191482 -0.186752 0.162752 0.15913 -0.157609 -0.155507 0.15064 0.0116751 -0.0134665 -0.0311824 0.0294048 0.0894956 -0.0772054 -0.363254 0.147125 1 -0.385429 -0.344986 0.128225 0.07104 -0.0510563 -0.0257859 0.0249343 
9.5 -10.606 -8.18841 0.72706 0.335962 -0.980922 -0.727277 -0.751604 -0.749704 -0.738199 -0.706004 -1.00922 0.201238 0.0519927 0.0641606 0.0517864 0.0775655 0.0732654 0.172939 0.156829 -0.153192 -0.149775 0.14395 0.14527 -0.143534 -0.178458 0.146777 1 -0.189377 -0.18384 0.158753 0.154419 -0.152956 -0.150497 0.145631 0.0135575 -0.0155501 -0.0344103 0.0321479 0.0938057 -0.0813813 -0.36875 0.152979 1 -0.394881 -0.351389 0.134764 0.0752877 -0.0552101 -0.0287756 0.0277714 
9.6 -10.3974 -8.22784 0.687629 0.346939 -0.990815 -0.729856 -0.754353 -0.752199 -0.741658 -0.709616 -1.01794 0.191345 0.049413 0.0614114 0.0492914 0.0741072 0.0696531 0.164218 0.151483 -0.147897 -0.144728 0.139033 0.140956 -0.139425 -0.175683 0.143205 1 -0.187313 -0.180928 0.154746 0.149615 -0.148215 -0.145387 0.140538 0.0155543 -0.0178169 -0.0377739 0.0349861 0.0980616 -0.0856268 -0.373966 0.158775 1 -0.404165 -0.357634 0.141368 0.079684 -0.0595847 -0.0320894 0.030869 
9.7 -10.2085 -8.26567 0.649806 0.357846 -1.00062 -0.732303 -0.756991 -0.754555 -0.744996 -0.713112 -1.02652 0.181543 0.0469661 0.058774 0.046935 0.0707684 0.0661575 0.155642 0.145987 -0.142476 -0.13962 0.134061 0.13667 -0.135326 -0.172939 0.139701 1 -0.185299 -0.178022 0.150746 0.144737 -0.143416 -0.140189 0.135385 0.0177475 -0.0202165 -0.0411764 0.0378727 0.102228 -0.0899504 -0.3789 0.164493 1 -0.413264 -0.363707 0.14801 0.0841966 -0.0641984 -0.0357036 0.0342308 
9.8 -10.038 -8.30187 0.613604 0.36868 -1.0103 -0.734624 -0.759525 -0.75678 -0.748216 -0.716488 -1.03493 0.171859 0.0446453 0.0562396 0.0447108 0.0675486 0.0627811 0.147234 0.140349 -0.136937 -0.134457 0.129039 0.132413 -0.131238 -0.17023 0.136271 1 -0.183342 -0.175131 0.14677 0.139808 -0.138581 -0.134922 0.130187 0.0200993 -0.022701 -0.0445403 0.0407782 0.106296 -0.0943522 -0.383569 0.170115 1 -0.422167 -0.369587 0.154654 0.0887808 -0.0690507 -0.0395639 0.0378469 
9.9 -9.88459 -8.33644 0.579027 0.379443 -1.01984 -0.736826 -0.761964 -0.758879 -0.751319 -0.719746 -1.04314 0.162317 0.0424433 0.0538008 0.0426116 0.0644458 0.0595234 0.139017 0.134577 -0.131289 -0.129239 0.123975 0.128182 -0.127173 -0.167556 0.132919 1 -0.181448 -0.17226 0.142834 0.134853 -0.133729 -0.129601 0.124953 0.0225563 -0.0251825 -0.047754 0.0436649 0.110261 -0.0988268 -0.387998 0.175635 1 -0.430873 -0.375257 0.161266 0.0933932 -0.0741258 -0.0436284 0.0416972 
10 -9.74684 -8.3694 0.546071 0.390157 -1.02921 -0.738916 -0.764312 -0.760859 -0.754307 -0.722888 -1.05115 0.152945 0.0403531 0.0514524 0.0406316 0.0614575 0.0563818 0.131011 0.128685 -0.125547 -0.123966 0.118875 0.123976 -0.123139 -0.164913 0.129644 1 -0.179617 -0.169415 0.138951 0.129895 -0.128876 -0.124262 0.11971 0.0250846 -0.0274318 -0.0508555 0.046507 0.114161 -0.103369 -0.392218 0.181052 1 -0.439383 -0.380713 0.167804 0.098001 -0.0792611 -0.047899 0.045716 
10.1 -9.62353 -8.40075 0.514725 0.400851 -1.03839 -0.740899 -0.766575 -0.762726 -0.757185 -0.725916 -1.05893 0.143771 0.03837 0.0491895 0.0387648 0.0585797 0.0533533 0.123234 0.122702 -0.119743 -0.118659 0.113771 0.119794 -0.119144 -0.162299 0.126441 1 -0.177849 -0.166597 0.135129 0.124954 -0.124042 -0.118924 0.114468 0.0276933 -0.0295848 -0.0540451 0.0493745 0.118058 -0.107973 -0.396266 0.18637 1 -0.447703 -0.385963 0.174253 0.102626 -0.0844732 -0.052327 0.0499229 
10.2 -9.51345 -8.4305 0.484974 0.411541 -1.04734 -0.742783 -0.768755 -0.764488 -0.759957 -0.728836 -1.06646 0.134819 0.0364864 0.0470102 0.0370021 0.0558077 0.0504336 0.1157 0.116644 -0.113894 -0.113334 0.108682 0.115641 -0.115195 -0.159711 0.1233 1 -0.176142 -0.163807 0.131373 0.12005 -0.119243 -0.113625 0.10926 0.0303877 -0.03172 -0.0572893 0.0523239 0.121988 -0.112585 -0.400181 0.191593 1 -0.455841 -0.391007 0.180589 0.107259 -0.0897532 -0.056776 0.0542624 
10.3 -9.41546 -8.45868 0.456795 0.422244 -1.05604 -0.744578 -0.770852 -0.766157 -0.762629 -0.731652 -1.07374 0.126117 0.0346912 0.044913 0.0353329 0.0531359 0.0476176 0.10842 0.110545 -0.108025 -0.108006 0.103614 0.11153 -0.11129 -0.15715 0.120214 1 -0.174497 -0.161047 0.127687 0.1152 -0.114497 -0.108381 0.104104 0.0331287 -0.0339 -0.0605523 0.0553243 0.125917 -0.117103 -0.403977 0.196716 1 -0.463807 -0.395853 0.186806 0.111905 -0.0950808 -0.0613242 0.0587463 
10.4 -9.32848 -8.48531 0.430163 0.432977 -1.06447 -0.746291 -0.772871 -0.767743 -0.765206 -0.734366 -1.08075 0.117687 0.032978 0.0428942 0.0337476 0.0505587 0.0449029 0.101407 0.104435 -0.102163 -0.102707 0.0985925 0.107478 -0.107433 -0.154621 0.117176 1 -0.172914 -0.158321 0.124069 0.110421 -0.109818 -0.103234 0.0990397 0.0359555 -0.0361592 -0.063804 0.0583343 0.129796 -0.121451 -0.407659 0.201736 1 -0.471611 -0.400506 0.192904 0.11652 -0.100407 -0.0659492 0.0633382 
10.5 -9.2515 -8.51042 0.405049 0.443753 -1.07261 -0.747928 -0.774813 -0.769251 -0.767692 -0.736978 -1.08749 0.10955 0.0313409 0.0409522 0.0322397 0.0480724 0.0422908 0.0946692 0.0983342 -0.0963231 -0.0974807 0.0936538 0.103502 -0.103623 -0.152129 0.114181 1 -0.171396 -0.155639 0.120524 0.105732 -0.105222 -0.098146 0.0940318 0.0388592 -0.0385169 -0.0670212 0.0613366 0.133581 -0.125558 -0.411218 0.206644 1 -0.47925 -0.404975 0.198883 0.121051 -0.105681 -0.0705623 0.0679561 
10.6 -9.18358 -8.53405 0.381421 0.454581 -1.08043 -0.749493 -0.776677 -0.770684 -0.770087 -0.739484 -1.09394 0.101727 0.0297759 0.0390883 0.0308063 0.0456778 0.0397851 0.0882197 0.0922637 -0.0905068 -0.0923149 0.0887603 0.0996165 -0.099859 -0.149686 0.111233 1 -0.169943 -0.153013 0.117055 0.101155 -0.100731 -0.0932039 0.0891736 0.041813 -0.0409878 -0.0701663 0.064303 0.13723 -0.129403 -0.414636 0.21143 1 -0.486709 -0.409263 0.204735 0.125453 -0.110847 -0.075094 0.0724977 
10.7 -9.12384 -8.55623 0.359244 0.465473 -1.08792 -0.750987 -0.778459 -0.77204 -0.772385 -0.741877 -1.10009 0.0942392 0.0282824 0.0373058 0.0294502 0.0433801 0.0373925 0.0820705 0.0862918 -0.0847875 -0.0872734 0.0839754 0.0958331 -0.0961436 -0.147303 0.108339 1 -0.168555 -0.150457 0.113674 0.0967134 -0.0963614 -0.0884351 0.0844886 0.0447911 -0.0435656 -0.0732046 0.0672162 0.140732 -0.133002 -0.417897 0.216089 1 -0.493958 -0.413376 0.210445 0.129693 -0.115854 -0.0794792 0.0768855 
10.8 -9.07147 -8.57699 0.33848 0.476434 -1.09505 -0.752407 -0.780153 -0.773312 -0.774576 -0.744148 -1.10593 0.0871053 0.026862 0.0356121 0.0281787 0.0411886 0.0351214 0.0762345 0.0804646 -0.0792045 -0.0823779 0.0793133 0.0921585 -0.0924851 -0.144993 0.105513 1 -0.16723 -0.147988 0.110395 0.0924261 -0.0921345 -0.0838582 0.0800019 0.047739 -0.0462342 -0.0761063 0.0700745 0.144095 -0.136405 -0.420982 0.220609 1 -0.500955 -0.417318 0.215992 0.133751 -0.12067 -0.0836871 0.0810731 
10.9 -9.02571 -8.59639 0.319085 0.487477 -1.10182 -0.753751 -0.781749 -0.774489 -0.776651 -0.746289 -1.11144 0.0803428 0.025518 0.0340156 0.0270011 0.0391141 0.0329803 0.0707234 0.0748275 -0.0738006 -0.077646 0.0747909 0.0885985 -0.0889006 -0.142769 0.102773 1 -0.165969 -0.145623 0.107235 0.0883154 -0.0880674 -0.0794859 0.0757211 0.0506182 -0.048976 -0.0788486 0.0728803 0.147335 -0.139673 -0.423878 0.224974 1 -0.507652 -0.421092 0.221353 0.137625 -0.125279 -0.0877017 0.0850303 
11 -8.98587 -8.61446 0.301015 0.498611 -1.10819 -0.755015 -0.78324 -0.775563 -0.778598 -0.748293 -1.11661 0.0739658 0.0242538 0.0325244 0.0259273 0.037167 0.0309765 0.0655465 0.0694195 -0.0686137 -0.0730868 0.0704212 0.0851595 -0.0854164 -0.14064 0.100145 1 -0.164771 -0.143377 0.104212 0.0843969 -0.0841832 -0.0753314 0.0716652 0.0534105 -0.0517829 -0.0814281 0.0756425 0.150469 -0.142851 -0.426574 0.229161 1 -0.514001 -0.424698 0.226501 0.141317 -0.129678 -0.091524 0.0887477 
11.1 -8.95133 -8.63125 0.28422 0.509835 -1.11418 -0.756198 -0.784622 -0.776526 -0.780411 -0.750154 -1.12145 0.0679843 0.0230716 0.0311434 0.0249641 0.0353542 0.0291151 0.0607092 0.0642753 -0.0636787 -0.0687058 0.06622 0.0818464 -0.0820653 -0.138613 0.0976506 1 -0.163638 -0.14126 0.101345 0.0806886 -0.0805031 -0.0714073 0.0678453 0.056051 -0.0545731 -0.0838588 0.0783564 0.153513 -0.145966 -0.429063 0.233141 1 -0.51996 -0.428134 0.231407 0.144832 -0.133871 -0.0951448 0.0922195 
11.2 -8.92149 -8.64682 0.268648 0.521137 -1.11976 -0.757299 -0.785892 -0.777377 -0.782088 -0.751871 -1.12595 0.0624024 0.0219701 0.0298733 0.0241137 0.0336773 0.0273979 0.0562115 0.0594227 -0.0590175 -0.0645222 0.0622045 0.0786706 -0.0788804 -0.136691 0.0953124 1 -0.162575 -0.139282 0.0986522 0.0772089 -0.0770473 -0.0677267 0.0642714 0.0585625 -0.0572734 -0.0861894 0.0809997 0.156465 -0.149012 -0.431336 0.236883 1 -0.525501 -0.431396 0.236039 0.148159 -0.137838 -0.0985671 0.0954489 
11.3 -8.89584 -8.66123 0.254244 0.532492 -1.12494 -0.758324 -0.787054 -0.778119 -0.783633 -0.753446 -1.13011 0.057218 0.0209454 0.0287107 0.0233711 0.0321318 0.0258229 0.0520478 0.0548811 -0.0546509 -0.0605529 0.0583966 0.0756456 -0.0758907 -0.134875 0.0931443 1 -0.161587 -0.137446 0.0961441 0.0739747 -0.0738325 -0.0643038 0.0609533 0.0609267 -0.0598402 -0.0883999 0.0835292 0.159298 -0.151953 -0.433391 0.240363 1 -0.530615 -0.43447 0.240363 0.151272 -0.141502 -0.101792 0.0983895 
11.4 -8.87389 -8.67452 0.240952 0.543866 -1.12974 -0.759279 -0.788117 -0.778764 -0.785057 -0.754886 -1.13395 0.0524236 0.0199907 0.0276477 0.0227259 0.0307084 0.0243837 0.0482075 0.0506665 -0.0505971 -0.0568212 0.0548197 0.072787 -0.0731144 -0.133164 0.0911509 1 -0.160678 -0.135753 0.0938298 0.0709999 -0.0708734 -0.06115 0.0578978 0.0631003 -0.0622416 -0.090463 0.0859045 0.161971 -0.154735 -0.435225 0.243568 1 -0.535314 -0.437339 0.244355 0.154135 -0.144836 -0.104816 0.10107 
11.5 -8.8552 -8.68676 0.228713 0.555214 -1.13415 -0.760173 -0.789091 -0.779329 -0.786371 -0.756199 -1.13748 0.048007 0.0190966 0.0266734 0.0221615 0.0293936 0.0230707 0.0446758 0.0467749 -0.0468559 -0.053354 0.0515006 0.0701122 -0.070559 -0.131556 0.0893264 1 -0.159852 -0.134198 0.0917132 0.068292 -0.068179 -0.0582747 0.0551101 0.0651043 -0.0644632 -0.0923722 0.0880918 0.164447 -0.157323 -0.436838 0.246507 1 -0.539628 -0.439985 0.247999 0.156716 -0.147805 -0.107614 0.103479 
11.6 -8.83939 -8.698 0.21747 0.566485 -1.13821 -0.761015 -0.789986 -0.77983 -0.787591 -0.757397 -1.14072 0.0439535 0.0182543 0.0257785 0.02166 0.028174 0.0218719 0.0414351 0.0432425 -0.0434585 -0.050181 0.048456 0.0676412 -0.0682237 -0.130052 0.0876579 1 -0.15911 -0.132776 0.0897951 0.0658551 -0.0657572 -0.0556895 0.0526009 0.066913 -0.0664789 -0.0941031 0.0900679 0.16669 -0.159705 -0.438235 0.249205 1 -0.543591 -0.442387 0.251292 0.159 -0.150409 -0.110154 0.105606 
11.7 -8.8261 -8.7083 0.207166 0.577619 -1.14191 -0.761814 -0.79081 -0.780287 -0.788727 -0.758496 -1.14369 0.0402472 0.0174554 0.0249553 0.0212037 0.0270381 0.0207735 0.0384672 0.0400824 -0.0404128 -0.0473292 0.0457014 0.0653921 -0.0661026 -0.128656 0.0861318 1 -0.158453 -0.131483 0.088075 0.0636866 -0.0636107 -0.0533983 0.0503757 0.068516 -0.0682712 -0.0956291 0.0918228 0.168667 -0.16189 -0.439423 0.251695 1 -0.547237 -0.444526 0.254234 0.160984 -0.152667 -0.112411 0.107454 
11.8 -8.81502 -8.71773 0.197746 0.588552 -1.14529 -0.762575 -0.791565 -0.780713 -0.789786 -0.759508 -1.14641 0.0368723 0.0166943 0.0241995 0.0207774 0.0259785 0.0197614 0.0357545 0.0373035 -0.0377242 -0.0448193 0.0432506 0.0633817 -0.0641914 -0.127376 0.0847397 1 -0.15788 -0.130315 0.0865518 0.0617793 -0.0617338 -0.0513977 0.0484305 0.0699011 -0.0698166 -0.096933 0.0933529 0.170355 -0.163901 -0.440411 0.254 1 -0.550584 -0.44639 0.256831 0.162681 -0.154615 -0.114377 0.109042 
11.9 -8.80585 -8.72632 0.189154 0.599215 -1.14835 -0.763301 -0.792255 -0.781119 -0.790771 -0.760448 -1.14888 0.0338143 0.0159682 0.0235101 0.0203709 0.0249934 0.0188215 0.0332813 0.0349144 -0.0354005 -0.042664 0.0411168 0.0616253 -0.0624926 -0.126226 0.0834832 1 -0.157396 -0.129271 0.0852272 0.0601222 -0.0601196 -0.0496744 0.0467547 0.0710691 -0.071107 -0.0980123 0.0946591 0.171753 -0.165752 -0.441211 0.256127 1 -0.553635 -0.447966 0.259091 0.164106 -0.156315 -0.116046 0.110394 
12 -8.79835 -8.73413 0.18134 0.609539 -1.1511 -0.763991 -0.792876 -0.781511 -0.791678 -0.761328 -1.15113 0.0310601 0.0152786 0.0228888 0.0199789 0.024087 0.0179411 0.0310342 0.0329295 -0.0334604 -0.0408692 0.0393167 0.0601346 -0.0610176 -0.125224 0.0823751 1 -0.157002 -0.128354 0.0841022 0.0587067 -0.0587482 -0.0482286 0.0453399 0.0720234 -0.0721474 -0.0988787 0.0957496 0.17287 -0.167438 -0.441836 0.258055 1 -0.556369 -0.449253 0.261013 0.165284 -0.157816 -0.117435 0.111543 
12.1 -8.79229 -8.74122 0.174251 0.619453 -1.15356 -0.76464 -0.793426 -0.781889 -0.792498 -0.762159 -1.15316 0.0285978 0.0146297 0.0223386 0.0196015 0.0232672 0.01711 0.0290022 0.0313167 -0.0318923 -0.0394288 0.0378762 0.0589236 -0.0597929 -0.124389 0.0814386 1 -0.156702 -0.127571 0.0831763 0.0575238 -0.0576101 -0.0470418 0.0441736 0.0727819 -0.0729415 -0.0995689 0.096623 0.173726 -0.168926 -0.442298 0.259742 1 -0.558754 -0.450254 0.262597 0.166241 -0.159136 -0.118586 0.112521 
12.2 -8.78747 -8.74763 0.16784 0.628882 -1.15574 -0.765241 -0.793901 -0.782246 -0.793221 -0.762947 -1.15498 0.026416 0.0140283 0.0218634 0.0192441 0.0225438 0.0163221 0.0271761 0.0300741 -0.0307024 -0.0383273 0.0367973 0.0579995 -0.0588424 -0.123738 0.0807008 1 -0.156499 -0.126929 0.0824478 0.0565657 -0.0566874 -0.0461069 0.0432466 0.0733548 -0.0735092 -0.100113 0.0972825 0.174343 -0.170157 -0.442612 0.261126 1 -0.560745 -0.450985 0.263841 0.167001 -0.160278 -0.119537 0.113341 
12.3 -8.7837 -8.75341 0.162058 0.637747 -1.15766 -0.765787 -0.794298 -0.782574 -0.793838 -0.763694 -1.15661 0.0245032 0.0134827 0.021467 0.0189163 0.0219266 0.0155749 0.0255479 0.0292014 -0.0298789 -0.0375652 0.0360686 0.057371 -0.0581842 -0.123284 0.0801856 1 -0.156389 -0.126434 0.081913 0.0558281 -0.055967 -0.0454123 0.0425466 0.0737553 -0.0738625 -0.100549 0.0977232 0.174739 -0.171056 -0.442792 0.26214 1 -0.562302 -0.45147 0.264746 0.167574 -0.161231 -0.120311 0.114008 
12.4 -8.78084 -8.75861 0.156858 0.645967 -1.15931 -0.766267 -0.794613 -0.78286 -0.794341 -0.764399 -1.15805 0.0228474 0.0130019 0.0211515 0.0186303 0.0214242 0.0148702 0.0241098 0.0286972 -0.0294033 -0.0371468 0.0356776 0.0570375 -0.0578275 -0.123032 0.0799083 1 -0.156367 -0.126091 0.0815637 0.0553025 -0.0554373 -0.04494 0.0420588 0.0739952 -0.0740205 -0.100904 0.0979384 0.174925 -0.171541 -0.442852 0.26273 1 -0.563391 -0.451741 0.265323 0.167967 -0.161963 -0.120925 0.114497 
12.5 -8.77873 -8.76328 0.152195 0.65346 -1.16072 -0.766674 -0.794846 -0.783091 -0.794723 -0.765056 -1.15931 0.0214354 0.0125948 0.0209184 0.0183992 0.0210423 0.014213 0.022854 0.0285447 -0.0292498 -0.0370638 0.0356063 0.0569878 -0.0577668 -0.122983 0.0798703 1 -0.156421 -0.125902 0.0813904 0.0549805 -0.0550978 -0.044671 0.0417749 0.0740852 -0.0740174 -0.101178 0.0979314 0.174904 -0.171563 -0.44281 0.262865 1 -0.563993 -0.451834 0.265586 0.168176 -0.162445 -0.121395 0.114812 
12.6 -8.77727 -8.76745 0.148026 0.660145 -1.16191 -0.767 -0.794996 -0.783254 -0.794982 -0.765658 -1.16039 0.0202526 0.0122691 0.0207688 0.0182359 0.0207825 0.0136112 0.0217721 0.028721 -0.0294041 -0.0372863 0.0358341 0.0572013 -0.0579841 -0.12313 0.0800589 1 -0.156532 -0.125863 0.0813779 0.0548534 -0.0549432 -0.0445887 0.0416847 0.0740514 -0.0738754 -0.101373 0.0976755 0.174689 -0.171106 -0.442681 0.262547 1 -0.564103 -0.451788 0.265557 0.168206 -0.162682 -0.121705 0.114939 
12.7 -8.77634 -8.77116 0.144307 0.665939 -1.16288 -0.767239 -0.795062 -0.783338 -0.795123 -0.766194 -1.16131 0.0192826 0.0120304 0.0207034 0.018152 0.020642 0.0130748 0.0208539 0.0291949 -0.0298428 -0.0377774 0.0363263 0.0576563 -0.0584498 -0.123459 0.0804499 1 -0.156682 -0.125969 0.0815103 0.054909 -0.0549677 -0.0446786 0.0417789 0.0738471 -0.0735808 -0.101481 0.0972411 0.174288 -0.170228 -0.442481 0.261812 1 -0.563734 -0.451638 0.265265 0.168064 -0.162671 -0.121855 0.114868 
12.8 -8.77585 -8.77447 0.141001 0.670762 -1.16365 -0.767388 -0.795043 -0.783334 -0.795151 -0.766655 -1.16207 0.0185073 0.0118814 0.0207218 0.0181562 0.0206135 0.0126139 0.0200883 0.0299253 -0.030545 -0.0384906 0.037051 0.0583299 -0.0591318 -0.123954 0.081014 1 -0.156852 -0.126209 0.0817729 0.0551327 -0.0551643 -0.0449235 0.0420451 0.073479 -0.0731513 -0.101457 0.096651 0.17371 -0.16903 -0.442221 0.260723 1 -0.562912 -0.451417 0.264745 0.167764 -0.162432 -0.121838 0.114596 
12.9 -8.77572 -8.7774 0.138068 0.674537 -1.16425 -0.767448 -0.794943 -0.783238 -0.795079 -0.767032 -1.1627 0.0179068 0.0118209 0.0208219 0.0182528 0.0206863 0.0122372 0.0194627 0.0308721 -0.0314778 -0.0393943 0.0379763 0.0592031 -0.0600011 -0.124595 0.0817221 1 -0.157031 -0.126575 0.0821546 0.0555067 -0.0555215 -0.0453055 0.0424656 0.0729589 -0.0726354 -0.101219 0.0959203 0.172965 -0.167637 -0.441904 0.259354 1 -0.56167 -0.451142 0.264021 0.167323 -0.161999 -0.121652 0.114135 
13 -8.77588 -8.78 0.135475 0.677196 -1.1647 -0.767425 -0.794767 -0.78305 -0.794919 -0.767319 -1.1632 0.0174594 0.0118444 0.0209981 0.0184403 0.0208463 0.0119506 0.0189638 0.0319941 -0.0325985 -0.0404571 0.0390674 0.0602561 -0.0610355 -0.125362 0.0825502 1 -0.157212 -0.127053 0.0826485 0.0560133 -0.056029 -0.0458051 0.0430225 0.0723079 -0.0720592 -0.100725 0.0950734 0.17206 -0.166171 -0.441525 0.25778 1 -0.560047 -0.450825 0.263118 0.166763 -0.161443 -0.121285 0.11351 
13.1 -8.77627 -8.78228 0.133188 0.678676 -1.16502 -0.767326 -0.794524 -0.782779 -0.794689 -0.767514 -1.16358 0.0171413 0.0119438 0.0212411 0.0187118 0.0210757 0.0117557 0.0185771 0.0332506 -0.0338661 -0.0416498 0.0402928 0.0614693 -0.0622165 -0.126233 0.083479 1 -0.157399 -0.127631 0.0832495 0.0566356 -0.0566745 -0.0464068 0.043699 0.0715348 -0.0714198 -0.0999557 0.0941243 0.171003 -0.164739 -0.441074 0.256068 1 -0.558093 -0.450468 0.262046 0.166116 -0.160814 -0.120765 0.112763 
13.2 -8.77684 -8.78429 0.131179 0.678925 -1.16523 -0.767162 -0.794229 -0.782436 -0.794409 -0.76762 -1.16387 0.0169273 0.0121075 0.0215362 0.0190547 0.0213556 0.0116494 0.0182877 0.0346006 -0.0352364 -0.0429415 0.0416208 0.0628156 -0.0635254 -0.127182 0.0844923 1 -0.157598 -0.128294 0.0839515 0.057355 -0.0574362 -0.0470975 0.0444745 0.0706466 -0.0707151 -0.0989105 0.0930896 0.169807 -0.163413 -0.440539 0.254273 1 -0.555863 -0.450063 0.260814 0.165398 -0.160139 -0.120124 0.111939 
13.3 -8.77755 -8.78605 0.129418 0.677908 -1.16537 -0.766948 -0.7939 -0.782038 -0.794099 -0.767645 -1.16408 0.0167914 0.0123211 0.0218645 0.0194523 0.0216655 0.0116244 0.0180802 0.0360062 -0.0366635 -0.0443009 0.0430159 0.0642592 -0.0649365 -0.128182 0.085571 1 -0.157818 -0.129024 0.0847449 0.0581494 -0.0582856 -0.0478629 0.0453259 0.0696564 -0.0699481 -0.0976178 0.0919859 0.168491 -0.162224 -0.439915 0.252442 1 -0.55343 -0.449607 0.259441 0.164622 -0.159445 -0.119391 0.111074 
13.4 -8.77835 -8.78759 0.127883 0.675608 -1.16545 -0.766701 -0.793561 -0.781605 -0.79378 -0.7676 -1.16422 0.0167079 0.012568 0.0222034 0.0198853 0.0219846 0.0116694 0.0179391 0.0374272 -0.0380993 -0.0456908 0.044436 0.0657536 -0.066412 -0.129198 0.0866895 1 -0.158065 -0.129798 0.0856113 0.0589913 -0.0591888 -0.0486838 0.0462263 0.0685911 -0.0691255 -0.0961438 0.0908329 0.167089 -0.161172 -0.439203 0.250617 1 -0.55088 -0.4491 0.257959 0.163801 -0.158743 -0.118602 0.110193 
13.5 -8.77923 -8.78892 0.126548 0.672033 -1.16551 -0.766439 -0.793237 -0.781157 -0.793472 -0.767499 -1.16431 0.0166524 0.0128305 0.0225281 0.0203331 0.022293 0.0117702 0.0178493 0.0388201 -0.0394903 -0.0470723 0.0458343 0.0672442 -0.067902 -0.130193 0.0878124 1 -0.158337 -0.13059 0.0865197 0.0598509 -0.0601072 -0.049536 0.0471458 0.0674781 -0.0682629 -0.0945975 0.0896784 0.165658 -0.16024 -0.438419 0.248848 1 -0.548315 -0.448552 0.256419 0.162957 -0.158023 -0.117805 0.109312 
13.6 -8.78015 -8.79008 0.125393 0.667217 -1.16556 -0.766178 -0.79295 -0.780714 -0.793192 -0.767358 -1.16436 0.0166036 0.0130912 0.0228148 0.020776 0.0225726 0.0119114 0.0177962 0.0401377 -0.0407925 -0.0484027 0.0471709 0.0686736 -0.0693472 -0.131128 0.088896 1 -0.158626 -0.131368 0.0874294 0.0606987 -0.0610014 -0.0503982 0.048058 0.0663909 -0.0673857 -0.093102 0.0885357 0.16426 -0.1594 -0.437589 0.247186 1 -0.545842 -0.447987 0.254884 0.162113 -0.157274 -0.117046 0.108443 
13.7 -8.78109 -8.79107 0.124398 0.661221 -1.16562 -0.765935 -0.792722 -0.780294 -0.792958 -0.767191 -1.16439 0.0165442 0.0133339 0.0230424 0.0211962 0.0228072 0.012078 0.0177665 0.0413402 -0.0419716 -0.0496382 0.0484064 0.0699837 -0.070684 -0.131967 0.0898925 1 -0.158917 -0.132101 0.0882969 0.0615078 -0.0618436 -0.0512392 0.048934 0.0653819 -0.0665233 -0.0917631 0.0874354 0.16296 -0.158629 -0.436747 0.245684 1 -0.543569 -0.447436 0.253427 0.161298 -0.15651 -0.116353 0.107603 
13.8 -8.78204 -8.79192 0.123546 0.654136 -1.1657 -0.765725 -0.79257 -0.779911 -0.792781 -0.767012 -1.16441 0.0164616 0.0135444 0.0231952 0.0215795 0.022984 0.0122569 0.017748 0.0423852 -0.0429981 -0.0507309 0.0495068 0.0711186 -0.0718519 -0.132677 0.0907571 1 -0.159191 -0.13276 0.0890799 0.0622541 -0.0626071 -0.0520321 0.0497462 0.0644752 -0.0657097 -0.0906484 0.0864148 0.161823 -0.157914 -0.435934 0.24439 1 -0.541591 -0.446938 0.252119 0.160542 -0.15575 -0.115735 0.106802 
13.9 -8.78298 -8.79265 0.122821 0.646081 -1.16581 -0.765557 -0.792502 -0.779575 -0.792671 -0.766832 -1.16443 0.0163482 0.013712 0.0232633 0.0219157 0.0230938 0.0124374 0.0177304 0.0432537 -0.0438576 -0.0516395 0.0504344 0.0720322 -0.0727992 -0.133234 0.0914545 1 -0.159432 -0.133321 0.0897425 0.0629185 -0.0632675 -0.052753 0.050468 0.0636919 -0.0649739 -0.0898127 0.0855061 0.160909 -0.157247 -0.435185 0.243335 1 -0.539976 -0.446529 0.251013 0.15987 -0.15501 -0.11521 0.106055 
14 -8.7839 -8.79327 0.122206 0.637195 -1.16596 -0.76544 -0.792521 -0.779293 -0.792633 -0.766658 -1.16446 0.0162016 0.013829 0.0232436 0.0221977 0.0231318 0.0126111 0.0177048 0.0439222 -0.0445263 -0.0523336 0.0511595 0.072691 -0.0734907 -0.133624 0.0919638 1 -0.159629 -0.133768 0.0902609 0.0634859 -0.0638087 -0.0533795 0.0510766 0.0630562 -0.0643529 -0.0892814 0.0847402 0.160253 -0.156623 -0.434527 0.242532 1 -0.538769 -0.446238 0.250145 0.159299 -0.154298 -0.114801 0.105388 
14.1 -8.78479 -8.79378 0.121689 0.627636 -1.16614 -0.765378 -0.792625 -0.77907 -0.792668 -0.766497 -1.1645 0.0160229 0.0138908 0.0231399 0.0224203 0.023097 0.0127724 0.0176642 0.0443779 -0.0449796 -0.0528002 0.0516587 0.0730774 -0.0739091 -0.133843 0.0922782 1 -0.159776 -0.134094 0.0906254 0.063944 -0.0642243 -0.0538908 0.051555 0.0625702 -0.0638654 -0.0890505 0.0841483 0.159863 -0.156047 -0.433977 0.241979 1 -0.537984 -0.446081 0.249533 0.158842 -0.153637 -0.114518 0.104827 
14.2 -8.78565 -8.79421 0.121257 0.617581 -1.16634 -0.765374 -0.792805 -0.778911 -0.792772 -0.766352 -1.16456 0.0158163 0.0138955 0.0229603 0.0225793 0.0229924 0.0129174 0.0176034 0.0446173 -0.0452101 -0.0530286 0.0519159 0.0731909 -0.0740538 -0.133895 0.0924023 1 -0.159873 -0.134296 0.0908373 0.064283 -0.0645079 -0.0542728 0.0518911 0.0622189 -0.063503 -0.0890994 0.0837542 0.15973 -0.155535 -0.433541 0.241664 1 -0.537616 -0.446062 0.249176 0.158509 -0.153058 -0.114362 0.10439 
14.3 -8.78646 -8.79457 0.1209 0.607218 -1.16657 -0.765426 -0.793049 -0.778819 -0.792941 -0.766225 -1.16464 0.0155876 0.0138434 0.022716 0.0226711 0.0228237 0.0130445 0.0175188 0.0446382 -0.0452149 -0.0530128 0.0519211 0.0730441 -0.0739364 -0.133789 0.0923469 1 -0.159923 -0.134379 0.0909036 0.0644945 -0.0646547 -0.0545151 0.0520766 0.0619845 -0.0632416 -0.0893871 0.083564 0.159832 -0.155113 -0.433223 0.241575 1 -0.537643 -0.446177 0.249068 0.158307 -0.152603 -0.114322 0.104093 
14.4 -8.78723 -8.79486 0.120608 0.59675 -1.16682 -0.765532 -0.793346 -0.778797 -0.793166 -0.766116 -1.16475 0.0153431 0.0137373 0.0224187 0.022693 0.0225984 0.0131532 0.0174083 0.0444395 -0.0449905 -0.0527551 0.0516713 0.0726571 -0.0735757 -0.133536 0.0921238 1 -0.159928 -0.134347 0.0908327 0.0645692 -0.0646623 -0.0546061 0.0521073 0.0618504 -0.0630666 -0.0898396 0.0835729 0.160132 -0.154825 -0.433021 0.241709 1 -0.538044 -0.446417 0.249203 0.15823 -0.152313 -0.114387 0.103955 
14.5 -8.78796 -8.7951 0.120371 0.586386 -1.16707 -0.765688 -0.793685 -0.778847 -0.793439 -0.766025 -1.16489 0.0150892 0.0135817 0.0220798 0.0226431 0.0223254 0.013244 0.0172709 0.0440205 -0.0445389 -0.0522634 0.0511724 0.0720543 -0.072993 -0.133147 0.0917423 1 -0.159887 -0.134205 0.0906308 0.0644988 -0.0645284 -0.0545346 0.0519779 0.0618127 -0.062991 -0.0903592 0.0837729 0.160585 -0.154727 -0.432935 0.242074 1 -0.5388 -0.44677 0.249575 0.158271 -0.152225 -0.114549 0.103993 
14.6 -8.78864 -8.79529 0.120183 0.576342 -1.16733 -0.765887 -0.794055 -0.77897 -0.793751 -0.765952 -1.16505 0.0148322 0.0133828 0.0217099 0.0225207 0.0220144 0.0133172 0.0171074 0.0433836 -0.0438682 -0.0515501 0.0504379 0.0712624 -0.07221 -0.132629 0.0912083 1 -0.159798 -0.133956 0.090302 0.0642776 -0.0642517 -0.0542933 0.0516855 0.0618955 -0.0630316 -0.090883 0.084155 0.16116 -0.15488 -0.432967 0.24269 1 -0.539897 -0.447225 0.250183 0.158427 -0.15237 -0.114803 0.104222 
14.7 -8.78927 -8.79543 0.120036 0.566841 -1.16758 -0.766122 -0.794447 -0.779163 -0.794089 -0.765896 -1.16524 0.0145783 0.0131475 0.0213179 0.0223277 0.0216754 0.0133729 0.0169199 0.0425378 -0.0429918 -0.0506305 0.0494838 0.0703078 -0.0712496 -0.131994 0.0905265 1 -0.159656 -0.133602 0.0898473 0.0639021 -0.0638297 -0.0538788 0.051227 0.0621251 -0.0632117 -0.0913707 0.0847157 0.161834 -0.155336 -0.433123 0.24358 1 -0.541323 -0.447773 0.251028 0.158705 -0.152763 -0.115142 0.104639 
14.8 -8.78986 -8.79555 0.119925 0.558104 -1.16783 -0.766386 -0.794853 -0.779422 -0.794446 -0.765859 -1.16545 0.0143333 0.0128834 0.0209119 0.0220679 0.0213184 0.0134104 0.0167115 0.0414979 -0.0419256 -0.0495221 0.0483299 0.069214 -0.0701364 -0.131249 0.0897042 1 -0.159456 -0.133144 0.0892676 0.0633717 -0.0632635 -0.0532901 0.0506021 0.0625228 -0.0635507 -0.0918125 0.0854483 0.162603 -0.156124 -0.433412 0.24476 1 -0.543064 -0.448406 0.252107 0.159118 -0.153403 -0.115554 0.105217 
14.9 -8.7904 -8.79563 0.119843 0.550351 -1.16806 -0.766671 -0.795266 -0.779742 -0.794813 -0.765841 -1.16567 0.0141031 0.012598 0.0204986 0.0217481 0.0209522 0.0134286 0.0164868 0.0402801 -0.0406921 -0.0482454 0.0470071 0.0680021 -0.0688981 -0.130408 0.0887561 1 -0.159197 -0.132588 0.0885669 0.062692 -0.0625613 -0.0525323 0.0498176 0.0631014 -0.0640467 -0.092226 0.0863247 0.163478 -0.157239 -0.433839 0.246223 1 -0.545093 -0.449116 0.253412 0.159676 -0.154283 -0.116028 0.105936 
15 -8.7909 -8.79568 0.119788 0.543792 -1.16827 -0.766971 -0.795681 -0.780113 -0.79518 -0.765844 -1.16591 0.0138936 0.0122979 0.0200837 0.0213772 0.0205844 0.0134257 0.0162509 0.0389068 -0.0393195 -0.0468282 0.0455551 0.0666936 -0.0675655 -0.129488 0.0877059 1 -0.158883 -0.131939 0.0877553 0.0618748 -0.0617379 -0.0516169 0.0488865 0.0638577 -0.0646862 -0.0926413 0.0873065 0.164471 -0.15864 -0.434405 0.247936 1 -0.547369 -0.449893 0.254919 0.160383 -0.155372 -0.11658 0.10679 
15.1 -8.79135 -8.79572 0.119754 0.538623 -1.16845 -0.76728 -0.796093 -0.780525 -0.795543 -0.765871 -1.16615 0.0137106 0.0119892 0.0196721 0.0209653 0.0202215 0.0133987 0.0160095 0.0374079 -0.0378393 -0.0453076 0.0440172 0.0653126 -0.0661715 -0.12851 0.0865865 1 -0.158525 -0.131212 0.0868516 0.060936 -0.0608127 -0.0505612 0.0478273 0.0647818 -0.0654547 -0.0931036 0.0883588 0.165588 -0.160247 -0.435104 0.249835 1 -0.549836 -0.450722 0.256587 0.161238 -0.156617 -0.117234 0.107769 
15.2 -8.79177 -8.79573 0.119738 0.535023 -1.1686 -0.767593 -0.796496 -0.780969 -0.795896 -0.765925 -1.16639 0.0135596 0.0116766 0.0192685 0.0205212 0.019869 0.0133438 0.015769 0.0358177 -0.036285 -0.0437236 0.0424371 0.0638849 -0.0647493 -0.127502 0.0854363 1 -0.158139 -0.130422 0.0858818 0.0598966 -0.0598074 -0.0493899 0.0466647 0.0658572 -0.0663405 -0.0936613 0.0894585 0.166822 -0.161957 -0.435921 0.251839 1 -0.552424 -0.451583 0.258353 0.162233 -0.157952 -0.117998 0.108851 
15.3 -8.79214 -8.79573 0.119737 0.533136 -1.16871 -0.767905 -0.796887 -0.781439 -0.796233 -0.766012 -1.16662 0.0134458 0.011364 0.0188777 0.0200517 0.0195318 0.013257 0.0155356 0.0341743 -0.0346947 -0.042119 0.0408606 0.0624396 -0.0633323 -0.126493 0.0842936 1 -0.157747 -0.129592 0.084879 0.0587786 -0.0587442 -0.0481308 0.0454262 0.0670591 -0.0673315 -0.0943589 0.0905941 0.168156 -0.163663 -0.436836 0.253857 1 -0.555059 -0.452448 0.260143 0.163344 -0.159302 -0.11888 0.110014 
15.4 -8.79249 -8.79572 0.119748 0.533064 -1.16879 -0.768214 -0.79726 -0.781929 -0.79655 -0.766134 -1.16684 0.0133739 0.0110549 0.0185044 0.0195615 0.0192146 0.0131348 0.0153165 0.0325213 -0.0331063 -0.0405489 0.0393354 0.0610096 -0.0619482 -0.125512 0.0831925 1 -0.157366 -0.128744 0.0838783 0.0576066 -0.0576434 -0.0468183 0.0441432 0.0683594 -0.0684054 -0.0952376 0.0917612 0.169558 -0.165269 -0.437824 0.255806 1 -0.557667 -0.45329 0.261886 0.164527 -0.160589 -0.11987 0.111224 
15.5 -8.79279 -8.7957 0.119769 0.534851 -1.16881 -0.768517 -0.797611 -0.782436 -0.796843 -0.766294 -1.16704 0.0133486 0.0107523 0.0181536 0.0190539 0.0189217 0.0129754 0.0151193 0.0309106 -0.0315598 -0.0390706 0.037902 0.0596292 -0.06062 -0.124589 0.082159 1 -0.157013 -0.127903 0.0829127 0.0564093 -0.0565243 -0.0454912 0.0428481 0.0697282 -0.0695352 -0.0963041 0.0929423 0.170985 -0.166705 -0.438859 0.257625 1 -0.560183 -0.454083 0.263511 0.165746 -0.161756 -0.120939 0.112445 
15.6 -8.79307 -8.79567 0.119798 0.538488 -1.16879 -0.76881 -0.797934 -0.782959 -0.797107 -0.76649 -1.16721 0.0133741 0.0104595 0.0178307 0.0185309 0.0186575 0.0127789 0.0149527 0.0293942 -0.0301018 -0.0377306 0.0365953 0.0583338 -0.0593681 -0.123749 0.0812095 1 -0.156696 -0.127093 0.0820098 0.0552223 -0.0554088 -0.0441908 0.041573 0.0711508 -0.0707057 -0.0975305 0.0941113 0.172384 -0.167934 -0.439917 0.259277 1 -0.562553 -0.454803 0.264971 0.166953 -0.16277 -0.122048 0.113644 
15.7 -8.79332 -8.79564 0.119833 0.543901 -1.16871 -0.769088 -0.798223 -0.783496 -0.797338 -0.766721 -1.16733 0.0134545 0.0101809 0.0175414 0.0179942 0.018427 0.0125479 0.0148262 0.0280226 -0.0287764 -0.0365649 0.0354377 0.0571612 -0.0582127 -0.123013 0.0803545 1 -0.156419 -0.126335 0.0811912 0.0540861 -0.0543256 -0.0429593 0.0403523 0.0725741 -0.0718844 -0.0988641 0.0952686 0.173703 -0.168967 -0.440972 0.260752 1 -0.564737 -0.455428 0.266237 0.168106 -0.16363 -0.123148 0.11479 
15.8 -8.79354 -8.7956 0.119873 0.550961 -1.16857 -0.769348 -0.798473 -0.784043 -0.797529 -0.766981 -1.16741 0.0135938 0.00992127 0.0172919 0.017447 0.0182359 0.0122879 0.0147502 0.0268373 -0.0276268 -0.0355937 0.0344489 0.0561459 -0.0571796 -0.122397 0.0796016 1 -0.156179 -0.125648 0.0804723 0.0530452 -0.0533123 -0.0418371 0.0392235 0.0739562 -0.073055 -0.100227 0.0964048 0.1749 -0.16984 -0.442003 0.262051 1 -0.566703 -0.455938 0.267303 0.169168 -0.164361 -0.124183 0.115854 
15.9 -8.79374 -8.79556 0.119915 0.559494 -1.16836 -0.769582 -0.798677 -0.784595 -0.797675 -0.767262 -1.16742 0.0137955 0.00968696 0.0170877 0.0168953 0.0180898 0.0120074 0.0147357 0.0258711 -0.0266885 -0.0348299 0.0336452 0.0553206 -0.056299 -0.121915 0.07896 1 -0.155974 -0.125049 0.079864 0.0521439 -0.0524153 -0.0408613 0.0382272 0.0752502 -0.0741935 -0.101541 0.0975114 0.175937 -0.170606 -0.442988 0.263183 1 -0.568421 -0.456321 0.268175 0.170117 -0.165001 -0.125107 0.116808 
16 -8.79391 -8.79551 0.11996 0.569292 -1.1681 -0.769785 -0.798831 -0.785142 -0.797771 -0.767552 -1.16737 0.0140624 0.00948452 0.0169338 0.0163483 0.0179942 0.0117171 0.0147937 0.0251519 -0.0259917 -0.0342807 0.0330384 0.0547139 -0.0556044 -0.121573 0.0784425 1 -0.155798 -0.124553 0.0793739 0.0514233 -0.0516808 -0.0400658 0.037403 0.0763953 -0.0752335 -0.102757 0.0985715 0.176794 -0.171315 -0.443909 0.264151 1 -0.569861 -0.45657 0.268872 0.170931 -0.165591 -0.125886 0.117639 
16.1 -8.79406 -8.79547 0.120006 0.580127 -1.16776 -0.769948 -0.798932 -0.785671 -0.797811 -0.767839 -1.16723 0.014396 0.00932115 0.0168334 0.015819 0.0179534 0.0114299 0.0149342 0.0246986 -0.0255504 -0.0339519 0.032639 0.0543418 -0.0551285 -0.121376 0.0780652 1 -0.155648 -0.124171 0.0790068 0.050917 -0.0511457 -0.0394816 0.036785 0.077356 -0.0761558 -0.103816 0.0995611 0.177464 -0.171996 -0.44475 0.264944 1 -0.570991 -0.456683 0.269412 0.17159 -0.166159 -0.126494 0.118335 
16.2 -8.7942 -8.79542 0.120052 0.591757 -1.16736 -0.770065 -0.798977 -0.786168 -0.797795 -0.76811 -1.16699 0.0147964 0.00920405 0.0167878 0.0153228 0.0179694 0.0111589 0.0151654 0.0245241 -0.0253775 -0.0338453 0.0324577 0.054211 -0.054897 -0.121325 0.0778441 1 -0.155525 -0.123912 0.0787658 0.0506475 -0.0508352 -0.0391339 0.0364009 0.0781038 -0.0769234 -0.104689 0.100445 0.177944 -0.172652 -0.445501 0.265546 1 -0.571779 -0.456665 0.269803 0.172077 -0.166704 -0.126916 0.118874 
16.3 -8.79431 -8.79537 0.120098 0.60394 -1.1669 -0.77013 -0.798969 -0.786614 -0.797723 -0.768353 -1.16667 0.0152615 0.00913927 0.0167956 0.0148759 0.018042 0.0109166 0.0154934 0.0246327 -0.0254799 -0.0339583 0.0325054 0.0543145 -0.0549232 -0.121414 0.0777907 1 -0.15543 -0.123784 0.0786538 0.0506234 -0.0507631 -0.0390391 0.0362714 0.0786233 -0.0775085 -0.105353 0.101175 0.178243 -0.173264 -0.446155 0.265933 1 -0.572195 -0.456525 0.270038 0.172376 -0.167196 -0.127141 0.11923 
16.4 -8.79441 -8.79533 0.120143 0.616434 -1.16637 -0.770139 -0.798912 -0.786997 -0.797597 -0.768556 -1.16624 0.0157874 0.00913073 0.0168526 0.0144931 0.0181682 0.0107132 0.0159211 0.0250205 -0.0258583 -0.0342848 0.0327871 0.0546339 -0.0552026 -0.121635 0.0779076 1 -0.155366 -0.123788 0.0786736 0.0508376 -0.050929 -0.0392031 0.036407 0.0789107 -0.0778942 -0.105799 0.101701 0.178373 -0.173793 -0.446713 0.266087 1 -0.572223 -0.456278 0.270099 0.172478 -0.167588 -0.127167 0.119377 
16.5 -8.7945 -8.79528 0.120187 0.62901 -1.16579 -0.77009 -0.798813 -0.787304 -0.797422 -0.768714 -1.16571 0.0163681 0.00917958 0.0169523 0.0141862 0.0183432 0.0105557 0.0164488 0.0256753 -0.0265061 -0.0348161 0.0333013 0.0551428 -0.0557137 -0.121973 0.078186 1 -0.155336 -0.123924 0.0788264 0.0512708 -0.0513142 -0.0396239 0.0368041 0.0789707 -0.0780726 -0.10603 0.101981 0.178355 -0.174195 -0.447179 0.265999 1 -0.57186 -0.455943 0.269959 0.172378 -0.167818 -0.127 0.119297 
